0,-2.686456163415088,0.5181499969084156
0,-2.1871319440494874,-0.4205381794955906
0,-0.730102025779968,-1.2837648742062182
0,-0.3458286798172311,-1.2314928370698102
0,-0.9887151194156747,-0.8048041972503216
0,-2.5178056642580957,0.24269192059006017
0,-1.6132811038856807,-0.5156193085584624
0,0.5176902390141289,-2.109498078626951
0,-1.8887077779001675,-0.4638795368971892
0,-0.5959647737066439,-0.9590507811035325
0,-0.9619679592942623,-1.0972592105814234
0,-0.2581503617246733,-1.6309510878974027
0,0.02979079821173647,-2.1083149825890204
0,-1.8029233103659223,-0.6262514777613607
0,0.5409441849785459,-1.8691126078956422
0,0.5516897464271808,-2.281889538458401
0,-2.4162493844834496,-0.06053505029784034
0,-2.758484709072503,0.4531016198648812
0,-0.5430486247379444,-1.628019187543773
0,-2.0521748056148486,-0.10320127643877042
0,-1.7094894022562552,-0.31029035916911296
0,-1.7829360331628796,-0.5344800501956247
0,-0.5449726807300173,-1.2445943506502606
0,-0.29357585685741416,-1.8569054781592336
0,-0.7837640192658433,-1.4915853206240075
0,-0.26177592659117366,-1.3045313421919653
0,-0.5143495128898727,-1.0358502556813372
0,-0.4237795485936313,-1.415577289134382
0,-0.5170668419564775,-1.2131049061983545
0,-0.19411223820921852,-1.328743454122951
0,-1.3279684250823935,-0.7205492862007545
0,0.3767154745114589,-2.1758946664003727
0,-1.9293469804602996,-0.35657941314637054
0,0.07305545503713495,-1.942955000021075
0,-1.6187091003353853,-0.5468792803082293
0,-2.5129779340428438,0.1356232709465397
0,0.3437130351615725,-1.6212504739788425
0,-0.7189839726860987,-1.49020494032849
0,-0.2756074478946622,-1.214635201232543
0,-1.0649663469090331,-1.124754835060124
0,-1.4298161300407086,-0.6184100569380201
0,-0.2982139789241717,-1.687671424542628
0,-0.9052586908858422,-1.4363189897629667
0,-0.733783446137645,-1.175858029696063
0,-1.9015395735045142,-0.5326542892237008
0,-1.740130445201932,-0.40869282418270103
0,1.1952542208897783,-2.8751311518867233
0,-1.0435769227630267,-0.6232390287866205
0,-1.9496353674398703,-0.6032820508558929
0,-0.408765724419349,-2.104044963033294
0,-0.541302187395776,-1.3898074185264686
0,0.4017070014468178,-2.104260534347614
0,-3.442529871943998,0.9520419727864884
0,-1.9505611554228848,-0.2797808380360668
0,-1.058887891996569,-0.8284728204241472
0,-0.22828815479564923,-1.9765750875467598
0,-1.3552384943391036,-0.8655361896230893
0,-1.1120568706593026,-1.2798892593679374
0,-0.9952492050050411,-0.8119401244248833
0,-0.7438212486730709,-1.1237687120458248
0,-0.9007772729633359,-1.1389725138189422
0,-0.08295744758802648,-1.741962613919815
0,-1.679715034658793,-0.49720245807385033
0,-1.3927094442998456,-0.9851385084168962
0,-1.211953721274091,-0.8894727328360557
0,-0.28005591331994195,-1.3995765809398741
0,-1.8414602913844336,-0.3625931394992564
0,-1.1116520650141735,-1.129615648434124
0,1.4513948310831157,-3.1564195045123604
0,-0.2614712181628651,-2.3616485527977824
0,-1.2289815528448351,-0.8668222957296464
0,-1.8659574360182114,-0.4934657795905264
0,-0.9725061917511688,-1.0839794681396886
0,-1.01035465380826,-1.00502310996807
0,-1.8260329471537977,-0.6457372789597504
0,-2.6829334020154674,0.291461502677584
0,1.0175644018383596,-2.1639205137066124
0,-0.4521102940946984,-1.2123609666671447
0,-2.045280489534247,-0.05380014966464075
0,-1.2241389420706374,-0.7673377989034004
0,-0.5257421606673945,-1.0762204869418757
0,-0.5396589064602288,-1.608225235682856
0,0.17886557922715562,-1.6629617141105557
0,0.16236898736482575,-1.7446502462321842
0,-2.0771613136752203,-0.28999894096022805
0,-0.24796115522721807,-1.4395113218818643
0,-1.1118168804221258,-0.7905879215719411
0,-1.0006297295937383,-0.7071868591587896
0,-0.5955060690553485,-1.423669814226649
0,0.3040947127944149,-2.3125655504467137
0,-2.49176563317544,0.25071782980553636
0,-1.9198618589499505,-0.48981671039373276
0,-2.0026221709011955,-0.06220116628819161
0,-1.9671157828815815,-0.5802764334103021
0,-1.9918097257424134,-0.3212933436342217
0,-0.07935266724448586,-1.4674261651244789
0,0.05282592165289324,-1.6743063824430644
0,-0.8948398387142331,-0.8149970110238394
0,0.37658634003882385,-2.3134526074606097
0,-2.0170298100764836,0.11204978310094682
0,-0.6340642209531201,-0.7579312314423603
0,-0.6013935526361917,-1.572579568108453
0,-0.9052549014297784,-0.32849937636570525
0,-1.6540762468450518,-0.7902436490434626
0,-2.2159087753250324,-0.20501974749051666
0,-0.5225909460449305,-1.556063299408907
0,-0.08045948589612828,-1.7122735560079154
0,-1.891558537983727,-0.11856322431937516
0,-0.12134299021728046,-1.3814717416261397
0,-0.5336617505472396,-0.9500656610706188
0,-0.21697859889565274,-1.461467438898177
0,0.5015416262391414,-2.0608656322929786
0,-0.25911294177937916,-1.737731630977604
0,0.34497753878207016,-2.0642903493115914
0,-2.2433195100173187,-0.36836816844539666
0,-0.4997286159329094,-1.6200527475910946
0,0.2257184595436852,-1.8244456525651322
0,-0.6074512715564981,-1.476148337376571
0,-1.7884094201809475,-0.9741737684126792
0,-3.721050841765521,1.3666381499302345
0,-1.7219397306731905,-0.18179062474317853
0,-1.1904945288849595,-0.9359571406906926
0,-1.8104165239102903,-0.51420387830769
0,-0.016639579123515102,-1.8015077327787004
0,-2.8293475225798157,0.9046681133911301
0,-1.7623674236791347,-0.3132916460031615
0,-2.015583640049649,-0.08950893775043212
0,-2.2039013282960878,-0.16112765442273358
0,-1.4815494431679563,-0.3725037115310381
0,-0.39311903049430164,-1.5211658300111588
0,-1.845664877358765,-0.09372427416448315
0,-1.9820162426923549,-0.2790333108203671
0,-0.20601756067595378,-1.5861662362104945
0,-2.678669108175951,0.23668825145872296
0,-1.640776592743472,-0.41334083034317814
0,-1.3221248499488973,-0.7402218744217052
0,-1.6554994952181161,-0.4748617869273536
0,-0.2902847826445548,-1.4711000919207593
0,-1.5471970983040169,-0.34074240538071376
0,-0.20100718402065687,-1.4127532618009402
0,-2.241450135547578,-0.01445851243997387
0,-2.109109120092081,-0.15825345846509153
0,0.3818796158384796,-1.8701281640774035
0,-0.5950838947434307,-1.6893699173727583
0,0.5337660451358532,-1.8971190273530514
0,-0.8029482639619192,-1.3532828919477686
0,0.22523895588951826,-1.8078173062118033
0,-2.078767047354135,-0.14895923218321483
0,0.6722673329526856,-2.210274723135965
0,-2.3196271731343017,0.44919244679624226
0,-1.7492562806121654,-0.8283112772616191
0,-0.5054583685076592,-1.1793781956149338
0,-0.9401674646754524,-1.2162266625031188
0,-2.420753863587816,0.17552300425316392
0,-1.2867188591428134,-0.6088094964079138
0,-0.7290993529663151,-1.0590071975921334
0,-0.1441226124013799,-1.572123416362126
0,-0.00996332973849312,-1.5588507863972505
0,-1.3040523871273475,-1.0326239291325228
0,-0.9059828105522796,-0.8358628488648326
0,0.23154677218436648,-1.7169944247229587
0,-0.9005178208151307,-0.3988155875598218
0,-0.15439285884440168,-2.1518536424371115
0,0.5301048618872941,-2.3552365031997127
0,-0.3844723784185453,-1.7513102306967685
0,0.7444632408970222,-2.4664346965645203
0,-3.06887159769343,0.932524575355665
0,-1.0801772082075882,-0.8181318095216115
0,-1.5974637792471396,0.4699648033973045
0,-0.15809175339497772,-1.5310094117723942
0,-2.245544985554447,-0.15487227007675652
0,-1.1514275571059915,-1.1429596402393185
0,-1.745589588084909,-0.635752860645739
0,-1.0705984412687368,-0.8284722179590097
0,-2.753402402708609,-0.17457707437383996
0,-0.6509623755109354,-1.2401443522991666
0,-0.9192923066475103,-0.9798373079169587
0,-1.793898687265777,-0.22640238863319484
0,-0.661740376963476,-1.5961961371065643
0,-0.8872701009462396,-1.5440623760319414
0,-1.175664834753794,-0.7913865366657712
0,-0.3039002006572501,-1.611015783507702
0,-0.8433887947030405,-1.3525104106724513
0,-0.6842378781995488,-1.1648918040598382
0,0.49407130622595385,-2.263340226142542
0,-0.34956114044319664,-1.4922235031529556
0,-1.7093091616313234,-0.4238883670902486
0,0.38794669311749086,-1.8474586873431154
0,-0.230588810235152,-1.3749356558361567
0,-0.734728445921585,-1.1670437739718929
0,-0.3698294246089765,-1.616652096710629
0,-2.6013601408241627,0.22585106548279743
0,-1.8851026055265767,-0.4541922865393959
0,-0.8761166477531669,-1.0789409616589296
0,-2.2620333823944128,-0.24062017183823825
0,-2.3477004055558703,0.023412960407054095
0,-1.1915477211197425,-1.0055104842220053
0,-1.50038025169707,-0.9726805147946109
0,-0.843941945383893,-1.2323262083746116
0,-1.5371252395711608,-0.5997646775712762
0,0.18844310626367178,-1.9318585227785765
0,-0.594639862665399,-1.5000848069684483
0,-1.0902152005410077,-1.0545669104771607
0,-0.8118691040378219,-0.9841705723778781
0,0.07643671098258142,-1.5763124671745494
0,-0.44155003459544884,-1.9774869401125366
0,-0.1530901457186159,-1.8826867602717658
0,0.8153714163421812,-2.420801914790056
0,-1.3139659051464965,-0.7941878285868071
0,-3.5952353930221173,0.9977772719773113
0,-2.0614738099874597,-0.487590267486119
0,-1.537823032370102,-0.8681699277884014
0,-2.2928580199497235,0.09036658592618374
0,-2.63989667399019,0.3977835196432422
0,-1.1251957014624372,-0.40624316625970125
0,0.23033409852003217,-1.9653101094833096
0,-1.8293674208944206,-0.37248092120635823
0,-0.45614983464088166,-1.4493736244364226
0,-1.3484769954499483,-0.5612332567534638
0,-0.32657859563727365,-1.5100646002539828
0,0.09961798955778511,-1.7472200223519665
0,-1.780532636037624,-0.7479092389568816
0,-0.5834598829689885,-1.437939946704537
0,-0.32807947472864973,-1.9860878885206508
0,-1.0990667928277358,-0.7176804520048258
0,0.7962319791370673,-2.3797317528688446
0,-1.8469325655590718,-0.02430996723162493
0,0.4456762738304978,-2.7147313781649114
0,-1.0237490187480338,-0.9775044330429071
0,0.8449059463326767,-2.132375117579439
0,-1.1076632428070772,-0.859496894939646
0,-0.9436586224558421,-0.8210936056473247
0,-0.04431231119576551,-1.4808020805528006
0,-0.6883032088033261,-1.3163138874937268
0,-0.9076286895662875,-1.4141990596048784
0,-1.2640224786222287,-0.9443524791175836
0,-0.9515464777709306,-0.695864910514918
0,-2.161873051414471,0.15915768173977574
0,-0.715119683159925,-1.1422904733700794
0,-1.5373729397078995,-0.5774135977536106
0,-0.37467888373898794,-1.2947515309221354
0,-0.6673952229258799,-0.8158170294953234
0,-2.510531462564395,-0.12634416025602513
0,-0.2800496381844061,-1.3258706021766289
0,-0.8518062663539185,-1.167118445421265
0,-0.333980609324771,-1.6453095697585778
0,-0.7398112716752774,-1.455775400077646
0,0.05335873996812479,-2.213080512957445
0,-1.641783754500863,0.03637545540619325
0,-0.07011333715705637,-1.9786305360324312
0,-0.8249134503275992,-1.372690478375589
0,-0.9881799329271391,-1.7482948274333387
0,0.7578709952865268,-2.271384009757475
0,-1.313879005255748,-0.7921098905578021
0,-1.5142429155041481,-0.4341443335992212
0,-1.9315823824242297,-0.6628307004892535
0,-1.2136491909273246,-1.4301578389354002
0,1.1779553667669207,-2.91112154985427
0,-0.24663807421340644,-1.4644059593929881
0,-1.4595536082666065,-0.6196648701407014
0,-2.099368238384124,-0.29018598939705753
0,-0.42942963820288593,-1.0101550373921888
0,0.10015839132392812,-2.1028694680164426
0,-0.6902681108474977,-0.9607930331396751
0,1.2090806459101169,-0.8214846905561907
0,-0.9060556134346679,-0.8266721330504663
0,0.4897150309435798,-2.1687499594940673
0,-1.6834919173754628,-0.3540287672703255
0,-2.990921582734744,0.4390089168653668
0,-1.570571077779277,-0.7615432961433208
0,-1.511648369633351,-0.42001513414231084
0,-0.8611024016221409,-1.2115825682097994
0,1.128857519678788,-2.2974778789655765
0,-1.0896113599410755,-0.5699956715100207
0,-0.3711083587768016,-1.3899348178870392
0,-0.6350889342875874,-1.3621705396524946
0,-0.09559584896366258,-1.9300941169733221
0,-0.7026996990452996,-1.1003677855437077
0,-2.6545967671973614,0.43377690129891144
0,-0.2898211764690657,-1.0758969119258281
0,-1.1838879280417736,-0.800463882238146
0,-1.619831386105838,-0.8544465528702658
0,-3.4059810687637686,0.5853193619349828
0,-0.04032280251954279,-1.4387843995169396
0,0.2327843628876538,-1.5216565145288241
0,-2.3767533687763915,-0.11289369086624235
0,-0.3927125065658683,-1.6975787503449895
0,-0.6731318208033563,-1.221713795297576
0,-0.5692676689616928,-1.1712306886663288
0,0.40863548599093713,-1.940460989547724
0,-0.02949082545940407,-1.7893168117382119
0,-0.7114083804486302,-1.6971132855347735
0,-0.6416366074738857,-1.1724522127667045
0,-2.6202583528777663,-0.16115934003679566
0,-1.8991732739841347,-0.1448546130546433
0,-2.1734018133671227,-0.40043086781620074
0,-0.7808543559952263,-1.4310159622174279
0,-1.135498099193607,-0.9909457520546633
0,-0.5947186789336628,-1.57783781296666
1,1.4078867826885642,-1.4433113392234196
1,0.5346717565739394,-0.5397134876452865
1,1.1826937421417976,-1.643104501757179
1,1.1807132202964383,-1.499869717202357
1,1.3526223167251141,-1.4984789551950157
1,1.116953697072337,-0.7537601307617301
1,1.2269169139782445,-0.2610941196697073
1,1.0926485007674451,-1.4853791723345662
1,1.0417571604541775,-1.557147277342005
1,1.1006747658199638,-0.6477627693059131
1,0.9714716356399857,-1.1957783396819588
1,0.9391271449869987,-2.1401722194898203
1,1.1716251498531323,-2.1810061411602892
1,1.4737642951815837,-2.0585547781546008
1,0.7582106427382758,-0.613132459215963
1,1.0657622467329226,-1.0371200402245435
1,1.1883640209232034,-1.8071447032700034
1,0.7706687755561464,-0.8029847269601516
1,1.3736304640439263,-1.1990394824026824
1,1.8967262396977025,1.2410817737287196
1,1.3616574604142078,-0.48262733862887996
1,1.2512611668574838,-1.188347544669686
1,0.8180850978484637,-1.2872014785721686
1,0.9152001852228421,-1.85814071100142
1,0.7841702882650632,-0.8331265801866603
1,1.5169126427582749,-1.4297164628906651
1,0.7441117454055262,-0.9917903737594372
1,1.0307559953009648,-0.31247475976038275
1,1.4021721872254793,-1.5737703898715156
1,0.7684189680513169,-0.5886595951179152
1,1.142938828766385,-1.9931685498860663
1,0.493225483299934,-0.9781730213089183
1,0.8134141137613702,-0.8754161416305618
1,0.32364005248668337,-0.32061683550518594
1,0.933489234064837,-0.9004803283361801
1,0.6147606619352356,-0.8687307490766081
1,0.8080104934820262,-0.5872584724304498
1,0.6616648838088675,-0.07791205689367608
1,0.5862699530423734,-0.8770398583273544
1,1.1145054105881511,-1.243341377790207
1,1.1884742475585997,-1.9767353791922417
1,0.7679234349027676,-0.5658601820641227
1,0.871240291857064,-1.971324929939097
1,1.0126186781339601,-0.898735481337755
1,1.0524614526788725,-0.2393997005146009
1,0.8669059076167709,-1.2675781354714488
1,0.9581729188354148,-0.9416472164758888
1,1.1075089322040328,-0.9377133362479203
1,1.4871784966584163,-2.083199101952314
1,0.6956265091795976,-0.33748470782919393
1,1.0287855800823225,-0.46129053144793253
1,0.8845348031082741,-1.3485332465875461
1,1.2456842149642282,-0.7148374480507694
1,1.2882115580419606,-0.6494626998903854
1,0.8446535681286437,-1.3168461841599783
1,0.5656477049194943,-0.47877226732487643
1,0.852599258241048,-1.2540406184287778
1,0.2867511760404329,-0.8784594470484306
1,1.364907257110945,-2.418461956913642
1,0.36763990252346324,-0.5090659322668445
1,0.9029451035916343,-1.0971812290493381
1,1.1546027952376248,-1.8579017983053454
1,1.3745867559967369,-0.7165948624157146
1,1.0424813714923067,-1.1660786149901166
1,1.054971258082882,-0.8210032461805631
1,1.175534059817017,-0.47381167623812614
1,1.1486311003399763,-1.3110053401361421
1,0.7406256283454301,-0.6803249639239534
1,1.3661377714843375,-0.14249815801943744
1,0.670340415659188,-0.3254762627820327
1,0.9370859251238118,-1.0499907625755227
1,0.9449017320053482,-1.3389427908367928
1,1.2015963196168247,-2.2459850912517916
1,1.181340550642323,-1.5334486377987853
1,1.2368172339849783,-1.4865979276281283
1,1.0711917003545683,-1.907921321072529
1,0.8198788779467974,-0.8644427490077641
1,0.7648839338098906,-1.6498561118569808
1,0.7369711559709538,-0.8625548484635053
1,0.9725593128196275,-1.1343216854828502
1,0.9807579948820112,-1.3153067075526075
1,1.2344785468352795,-1.1093694331928092
1,0.8876923159895264,-1.135976465367608
1,0.8900803358179656,-2.162994982300414
1,1.2477862378366054,-1.1947654032070207
1,0.9068502512386087,-0.26645409641524176
1,1.4811955392680107,-1.370258534831279
1,0.7121164867585185,-0.4659602955657902
1,0.6176672287709606,-1.0283206207599311
1,1.2560762013231472,-0.9795980080050158
1,1.3808710837916274,-0.879616493778148
1,0.893706321480645,-1.1767616293109207
1,0.9254000339432249,-1.8989552635063915
1,0.38214695997781956,-0.3214391595539794
1,0.6995035494932696,-1.3714811237270046
1,0.8025825592135806,-1.5376802310294657
1,0.8187970105428577,-1.106786750312504
1,0.6327458712911178,-1.0883967276165285
1,1.1720437618289357,-2.255046761473836
1,1.1065563017190034,-0.5376352775145171
1,1.0592590095617789,-1.1205638985464377
1,0.6642613309916661,0.4971228877596301
1,1.099180926621373,-0.5534929643444806
1,1.2356695513386045,-0.4827518742942667
1,0.7264293755137339,-0.8514029780380545
1,0.8792258164702939,-1.0166862857763757
1,1.092056903996509,-1.584971808712981
1,1.1180359141414478,-0.7517352706982379
1,0.6844329097980497,-0.059697315561985986
1,1.0112948730137359,-0.5705511515164443
1,0.6905407276513016,-1.3108405979592839
1,0.8364912773640845,-0.4180128401917711
1,1.4893154655402747,-2.4010205734087187
1,1.4632299752675393,-0.4100086793906518
1,0.8244740774250205,-1.2263385533328923
1,0.8666833087496087,-0.10237079619160894
1,0.8316467895461535,-0.7775678840458057
1,1.1452195784023855,-1.8168272630829236
1,0.9672336488344906,-1.5949784993031528
1,0.4009253431120243,-0.44970557420869206
1,0.7315102510211867,-0.6454122261339472
1,1.1314174448389773,-0.529232203050294
1,1.299493359877589,-1.3477502436913038
1,0.6411182545510801,-0.4829576051497939
1,1.2438639953879698,-1.3545292463823744
1,1.5336868175151384,-2.6564348751993787
1,0.9613636209054347,-0.9041297933545338
1,0.8858100241298615,-0.638519117997302
1,0.8140501513569226,-1.5023357585918573
1,1.1928473583681425,-0.33560541808796573
1,1.2124386560152942,-1.4781509495344927
1,0.7672593454310879,-0.8607794889168188
1,1.7827189352937203,-3.3247346935097255
1,0.6295909280671184,0.9395868751793177
1,1.1161008078846526,-1.3298780202873717
1,0.7917363077021882,-1.4296569606506777
1,0.953191875272271,-0.7392178189622174
1,1.1825278484306898,-0.38122153409023185
1,1.3091969347726582,-2.070428508820609
1,1.1450840747170363,-1.6490615843166592
1,0.6859646025302387,-0.6161154110298777
1,0.8656617167999963,-0.5874641185150518
1,0.9417513187236418,-0.13881591742810084
1,0.9677608155940788,-1.3334918958892923
1,1.014336637662547,-0.8075102884121871
1,1.2754644363151173,-1.4932892977009817
1,0.9361872374102915,-1.717691623552959
1,1.2902414272455944,-0.23716887686832666
1,0.9814778923385247,-0.9636341715964524
1,1.0381016766441373,-1.4457579901310786
1,1.024190050338881,-1.8377905945950483
1,1.8329834155560754,-2.13128748230039
1,0.6176257551047013,0.14932615959291073
1,1.0896569863159256,-1.5590308632180991
1,1.2403048298829706,-1.7207293321282826
1,0.9788862873920735,-1.114262542159959
1,1.1200796353567368,-0.6975723361945687
1,0.4992066522546681,-1.2773168786281757
1,1.0983780604517543,-0.17412948924012095
1,1.3602714870747306,-1.4512963661165643
1,0.5764257752097678,-0.5468388063408984
1,0.6849796099009448,-0.4159114018629163
1,0.9543931089213251,-1.6656310024125638
1,1.5350189222793698,-0.30293456992293466
1,1.1224942502887603,-2.386031597142802
1,1.2267064964902947,-1.3496597445342247
1,1.3133940477815722,-1.3461580120674006
1,1.470401863939589,-2.0103857541418924
1,0.8001815155149723,-1.3918762580102024
1,0.9912788215581303,-0.886789132512169
1,1.0137483647646701,-0.34328090964920976
1,0.8687421321902709,-2.3334356730061026
1,0.7815023389473559,-0.09627625520027938
1,0.6998492554805278,-1.0297291976069127
1,0.757874256422366,-0.8420004458643942
1,1.0419038925917967,-1.2614810176833657
1,1.204155828974448,-1.0653152876057934
1,0.8083522508727611,-0.5032794801209902
1,1.307027651779724,-1.3426803723076937
1,1.131317887628047,-1.143530059765948
1,1.3631218751044285,-1.0834795667774357
1,1.0709763131437882,-0.7610717044729345
1,1.1900882678788782,-1.0468464385845169
1,0.8260287571032988,-1.0934194450383028
1,0.45835049528252547,-0.6687420814306894
1,1.0344053661055144,-1.3069805053306325
1,1.1228030105677411,-1.3530065932667181
1,0.9468253149468454,-1.1349396462765005
1,0.6311068795825894,-0.9471202754679541
1,0.9848038425308745,-0.5328264188733208
1,0.6722949328604126,-0.46194593337529766
1,1.6748394756045966,-1.0817498623180448
1,0.8708668866504503,-0.22687165772567508
1,1.2640357317728577,-1.7379896400663872
1,0.9192787156518614,-1.8426584088142306
1,-0.8847726859437611,-1.3156789238715663
1,1.0988580165457673,-0.8532093850361087
1,0.9933139000320874,-1.2052392657881916
1,2.779169188312858,0.5393066623014298
1,0.8807200271940269,-1.7920317909963028
1,0.8641448503906455,-0.15523854652247848
1,0.711592802737586,-0.1920792634647811
1,1.1592084042483608,-1.2839022161148048
1,1.2040451534709908,-0.8733698691232714
1,0.5076593334754208,-0.2847152472998582
1,0.7124727428809847,-0.9473547430800107
1,0.6852297938973344,-0.5758920762525244
1,0.5212278661931271,-0.6021860338280862
1,1.0725327965148597,-0.7257737584335159
1,1.1836933943806658,-0.8676199703253978
1,0.7987395848711172,-0.25393512103289173
1,0.768326655924028,-0.8805975097755263
1,1.2761227802940618,-1.4263704009470233
1,1.1797597618214897,-2.025628264736339
1,1.1618451353112658,-0.08827092022591487
1,0.9420565306763427,-2.08196890653292
1,0.6698409175813511,-0.30728517941361766
1,0.43517039750946707,0.15175652339760304
1,0.8780239620531007,-1.3112358719551551
1,0.7428708166075317,-0.4510300898373246
1,0.7725331553966152,-1.750144539854284
1,0.9261046930447056,-0.872874829981068
1,0.7139039913128232,-0.366659000489704
1,1.2725674672368568,-2.0090471967472068
1,1.3219574038819255,-0.3032842442000314
1,0.7476568348457009,-0.8112176019077877
1,1.3944875255560434,-2.2693458164212528
1,1.5983647647241934,-2.3992667869670266
1,0.9419056025045431,0.1937307598471245
1,1.0603405126101564,-1.353251352623987
1,0.9215335083661094,-1.1048022188858986
1,0.7266398882371411,-0.7656565902330797
1,1.330817237865767,-1.41895712070867
1,1.0227216476571108,-1.820001595578259
1,0.23894140174884015,-1.093992286872626
1,1.5559195773767525,-1.5819966903710152
1,0.8809053629154391,-0.8957710880542399
1,0.9826018149356346,0.43700950413917083
1,0.6460933246959639,-1.1838394031088322
1,0.9861812736553388,-1.3105743376533043
1,1.0208218484278575,-1.1481672914512013
1,0.684446218069526,0.2910278466798786
1,0.5936609985680876,-0.4356693657099727
1,0.7917932573463824,-1.5222160477765487
1,1.2134615772386492,-0.8223982882015737
1,1.0236479263713423,-0.5608610922156751
1,0.828500578034361,-1.1316805422931817
1,0.9445065059120206,-1.6291487094200119
1,1.5153818206676517,-1.172900392307766
1,0.8285760626444261,-1.4016234031743635
1,0.6444985827413869,-0.12506892586268992
1,1.1472407814079246,-1.380707798521418
1,0.8417036269442444,-1.8783384491395276
1,1.0254397538633668,-0.5025269756049151
1,0.7784648367718999,0.5504502367367434
1,1.1601691072152227,-1.5122096131728844
1,1.340165539750021,-1.284148487210998
1,1.290443042146977,-1.1838489017081562
1,1.000288422713235,-2.113768394786372
1,0.9623965582382882,-0.4920625489259891
1,0.9955232113552849,-1.1907427108258932
1,1.1287565719809831,-1.3274027283085275
1,1.2680847724669375,-0.9980398443212222
1,0.6304148663971554,0.44110934151695846
1,0.8733028236535076,-1.4112110330436491
1,0.9234119073476805,-0.8673322165464419
1,1.1965825975989277,-1.3217779466678232
1,0.6365891339039051,-1.3162844051599927
1,0.890853759646092,-0.702651329771921
1,1.2089012451590273,-0.7920574168086956
1,1.3162296615072495,-1.6571577909751056
1,0.4692981017094706,-0.5762306523116782
1,1.8478466216438674,-2.5321195112208446
1,0.942288934077948,-0.22573357597315002
1,1.6256633972611398,-1.6203750717856278
1,1.1075594086693896,-0.5286000898496043
1,1.084742884370526,-1.1522150227317942
1,0.8161994699120836,-1.7135071313351395
1,0.997037561122694,-0.6124562853723291
1,0.8733399782341885,0.3334109668586249
1,1.2186114769704226,-0.5152019576687605
1,0.8997052750281505,-0.754356176465997
1,1.1542867597789201,-2.0712257426489273
1,1.0810280262827032,-1.3970738536149274
1,1.100315723691188,-2.370353978929604
1,1.3031369184323862,-1.951097060335906
1,1.196823419482636,-1.6099390574372818
1,1.1885164070495604,-0.415200391107858
1,0.8109514099847732,-0.14227736395836432
1,1.1823422575827989,-1.652229955899522
1,1.3223497073919446,-1.1124820964083537
1,-1.0936387685021114,-0.7784809060996873
1,1.4329535559821305,-2.125780015343423
1,1.3009074055460703,-1.904583131194593
1,1.503566321150813,-2.3562685830709684
1,0.8225341509968969,-0.8455595735809901
1,0.9903512764053579,-1.0663957738976393
1,0.5716707506634564,-0.06607691855774489
1,0.5678240073956973,-0.5891579069175714
1,1.2486685656890206,-1.3532478883469947
1,0.817391962829811,-1.7479881445402954
1,0.9524200271219626,-0.4378989534852784
1,0.7189528925281505,-0.5194806138122845
2,-1.4113498984907884,1.0172363217878955
2,-0.37506735742438757,2.066976239233612
2,-0.3497723206631701,1.3976779241254536
2,-1.5588919711535911,0.6137868882632347
2,-2.3864403131577188,-0.3195512510367853
2,-0.24060318891940935,1.0668588145523765
2,-1.2161838465199295,0.4875923843670138
2,-0.9742560731013942,0.9200655330421718
2,-1.8978231382140458,0.08949896077646624
2,-1.2107665728826613,0.6595323210243285
2,0.4062990626363425,2.149853879346076
2,-1.3889590088416344,0.39602578625768126
2,-2.9171751354531024,-0.4890675445646264
2,1.0653454946221865,2.2393900922662797
2,-2.223512969068122,-0.3134807017881458
2,-1.321205817327968,0.7863709002268301
2,1.308435738136137,2.6557465251762213
2,-0.7159360092532829,1.3314663284179389
2,-0.3452318476759104,1.6666951976530708
2,-0.808285764250578,1.5594229672784048
2,-2.2760615263004436,0.20692391968771706
2,0.42307845150748635,1.9075985540162284
2,-1.1923470838407646,1.043195388854926
2,-2.027296332147255,0.32503679650043416
2,-0.5398125348444149,1.3491083872153538
2,-1.5731984075423446,1.0051063179209927
2,-1.1869094951070913,0.18913067603535394
2,-1.398393874809784,0.4510065596394075
2,-2.3621719221178097,-0.18890826952746909
2,-1.3537232470871197,0.5233104966817456
2,-0.9762183846589358,0.7858797759323375
2,-0.7612550566158378,1.1510002812298796
2,-0.971648721543303,1.6676726869421732
2,-0.272371307811037,1.6652159798049744
2,-0.6333027751663305,1.3573673385490201
2,-1.1096396916884326,0.5825969300873952
2,-1.8887836591211011,0.34755836060166356
2,0.9140885153137592,2.3655074376705674
2,-1.3787216710587553,0.5368165814902703
2,-0.5841853467493267,1.4799997130488818
2,0.03373441838203117,1.3711502852091475
2,-1.936527806758404,0.24727977290964698
2,0.176820225111189,1.270590347956001
2,-1.019113021155116,1.0875308520613858
2,-2.948928962902846,-0.310943829584865
2,-0.34974258879340214,1.4188406050035258
2,-1.2161698243993508,0.876324137311681
2,-2.044536703544665,0.08368160904534128
2,-2.0223469541664736,0.08734541500916804
2,0.22482827851581977,1.7663263846542765
2,-1.174395682716544,1.2551067554085942
2,-0.37745647624656764,1.7617711761329835
2,-0.8943802861105423,1.179752923672595
2,-0.375163550012945,0.9485403159965138
2,-0.9620287997955257,0.9936538209980834
2,-1.0063154383086306,1.0197460844550184
2,-1.483458493763079,0.19407902027165758
2,0.7252312894485462,2.4397891341005087
2,-0.8736727975636891,1.388538171907058
2,-1.6424811391251823,0.08748763895799938
2,-1.470108431567973,1.1455578571166565
2,-0.6352295137816726,1.6678164718482575
2,0.3986225977198099,1.8049417632872562
2,-1.131499696299342,1.1007470493010838
2,-0.7125004237600812,1.2217533102989782
2,-0.6713743806339223,1.0914018386366482
2,-1.1211746183593498,0.816428428041958
2,-0.2868342703414759,1.8672409813767472
2,-2.057506963856807,0.23124569071503298
2,0.5589041839069253,2.417467277294558
2,-2.156580807596295,0.26685437961503455
2,-0.11877867254578656,1.7684732104962144
2,-0.7006351215317697,1.7191397856136805
2,-0.14047079460728673,1.8060352302270548
2,-1.8385925486048647,0.457238753246179
2,-2.838847819369958,-0.35435637143855603
2,-1.8007485593831065,0.6668561062999303
2,-0.358575262412836,1.7367141564042392
2,-0.48146384897846595,1.1045466572260498
2,0.08718122157896291,1.4434926463758888
2,-1.9396701033398749,0.34175953412345594
2,-0.7329890129238263,1.4017926030149037
2,0.6894624434599463,2.6570980335376375
2,-1.106581349170129,1.0909019813913696
2,-2.1451132206423313,0.2272713576704013
2,-1.2330576067689871,0.6951033765817647
2,-2.595767438132841,-0.29879214221037276
2,-0.7255984420169872,1.4298997344695943
2,-2.5866704347121003,-0.393989006456412
2,-1.6216400907134005,0.6938559203584826
2,-1.2873236571454942,0.8621318817035264
2,-1.0551897269711115,0.9780242248147306
2,-1.4633949772151165,0.9049066450384465
2,0.6982003384884146,2.2407028581350166
2,-1.5413747680009147,0.30045945368494764
2,-1.2876671308208876,0.7991133696520785
2,-0.5598591450534622,1.637872836263638
2,-1.2398348128489889,0.858320866611407
2,-1.2081910839002994,0.9218893545377558
2,0.6716631329253133,2.2769882358028264
2,-2.159682652386312,0.32977175482504795
2,-1.1970531795493313,0.5183135407207623
2,-1.7508737244721775,0.4475301249615843
2,0.8970068759349201,2.4211020391205014
2,-1.6157215845694806,-0.01642774346876763
2,-0.574413604863748,1.1787344672820672
2,-0.638554870804678,1.183543142864859
2,-0.7740046688277422,1.1914691868022365
2,-2.1637693104064866,0.27196407942178535
2,-0.7705087448970773,0.9323231309119555
2,-0.3044665406039835,1.4158381799471869
2,0.4330686277906093,1.8223550925491214
2,-1.4437216067585388,0.6656088144958079
2,-0.5201887121851332,1.4703193226006224
2,-0.12815608558948743,1.7386294344101834
2,0.46775316140414613,1.5391848271258715
2,0.18555914376831506,1.9323916873145461
2,-0.6704747364840975,1.1128268184955543
2,-2.5776551711185665,-0.202576607461044
2,0.032010279436392786,2.063809812486568
2,-1.0328109941562709,1.0535535745637377
2,-2.6028695254112817,-0.5116477095449501
2,-1.7260800854619023,0.2674471297660228
2,-0.04028987503280823,2.1406564865223308
2,-0.5361020832168412,1.8699241006295735
2,-1.0575748009036305,0.5536086703484697
2,1.7032859936877176,3.4693987081244866
2,-0.8762819213204289,0.43525310820681573
2,-1.6100852628089748,0.9211417349401582
2,-2.700455969821225,-0.3649348529554961
2,-1.932852865808274,0.30092653092015786
2,-1.1488806034875383,1.0646446515615464
2,-0.008630263399408977,1.698358034364015
2,-1.2807336278750783,1.0237529937476493
2,-1.282160171951541,0.5085542223126408
2,-1.7407025036369628,0.1928918046553063
2,-1.357827593635856,0.5028495660577601
2,-2.1332916876133527,-0.17606578274808427
2,-1.2839246005574183,0.845044732284026
2,-0.4198949026215042,1.2220829007157414
2,0.08741824684748378,1.7549095147733962
2,-2.995645134768246,-0.021459329534140315
2,-1.707277850234798,0.6166881595880622
2,-0.09494045851789712,2.115641995420863
2,0.8701308393708358,2.4054358737168893
2,-3.627104113034051,-0.8227348006554895
2,-0.7435118849359895,1.0371894545316633
2,-1.0626605279805763,0.9237946641455121
2,0.4335317395947307,2.0938376236315026
2,-0.9535354839636778,0.7848572442931052
2,-0.478781918708843,1.3728232479176723
2,-1.2057094823187502,0.8768331611924601
2,-0.8015796789260935,1.30416338068983
2,-1.7913567137452322,0.46615686240972243
2,-1.5273302553487653,0.11095787738998653
2,-1.553076639162943,0.9938118728949847
2,-1.5186748373934145,0.34399423972851784
2,-1.1666606522178429,0.7245494649427408
2,-0.8062752317179954,1.3768939212161473
2,-1.2483831467725162,0.5896167845790352
2,-1.8486464001898764,0.43060747160226176
2,-0.509925684013036,1.8464917316968994
2,-1.230193509139422,0.67399681144767
2,-0.7279399334899772,0.9705048352351984
2,-0.8058489958048048,0.7374738898492756
2,-1.3274744519752508,0.6390770021515345
2,-0.36482586312526166,1.796865769752833
2,-0.4177343368557622,1.428862778942413
2,-0.6491207658916424,1.6812429021539612
2,-1.4997643642034828,0.6219327676456641
2,-0.9371387280087292,1.2357775403624305
2,-1.2515655950795446,0.4860766997093554
2,-0.9063941684181471,0.7450945114370908
2,-0.49542032613224996,1.367468980081128
2,0.28140932027267795,1.9492636469698699
2,0.02909171409494382,2.1673174268812994
2,-0.6315806991615701,1.3496949425109488
2,-0.07256025706417335,1.6478829897880753
2,-1.5425057902469892,0.9106742563894336
2,-1.6696939555093717,0.5005330491773021
2,-1.6820809573072237,0.3659985518249119
2,-0.20810932288683626,1.3664260147926808
2,0.4347390441196537,2.1303585818442823
2,-0.21858414067760623,1.7377318211272998
2,-2.01537119673254,0.2492760677066671
2,-2.0615390294849902,0.3403750336617859
2,-0.8681948721296313,0.9031968441645067
2,-1.7266792155447725,0.7663687709173674
2,-3.222423995121819,-0.4661569548768154
2,-1.1159035306888492,0.6548742571225596
2,-0.01713904536071964,2.008725469366105
2,-2.0379892486823694,0.14778058767055358
2,-1.3845971741436356,1.2249743736185532
2,-1.0601437079076703,0.37552577931752773
2,-1.8423605083138073,-0.02720665930405408
2,-1.9178190872551373,0.5969798914328426
2,-2.859867019909613,-0.255437815872005
2,-0.7924686841651466,1.4172953201559277
2,-0.7732031544450984,0.9303856010484914
2,-1.8111333777234064,0.35221523547975897
2,-0.275629638783882,1.2719426528072624
2,-2.123925116645176,0.4307411251274982
2,0.39096486356354276,1.6182830641864687
2,-0.7331505491611888,1.2811263616199118
2,-2.595966267690999,-0.25431673786514386
2,-1.3669950529015655,0.6897840653262957
2,0.1449736636833563,1.5927175600458585
2,-1.2693490463256054,0.8423050420777363
2,-1.28585831838463,0.3067845859135735
2,-1.5660280132257796,0.18060325498759988
2,0.9586047091760055,2.4628659221002485
2,-1.5110947948175601,0.5729913118426351
2,1.602577642022859,2.832681289389132
2,-1.9166757791908244,0.4462500992003502
2,-0.9464923493155281,1.0574170278782808
2,-2.0632828932438736,0.19985732498154396
2,-0.6031921676508643,1.4860996441797507
2,-3.376556070050662,-1.3868960775421595
2,-0.6067700450569681,1.319038241035055
2,-2.648911642734258,-0.32411576948997367
2,0.4065640567663096,2.0377285411965493
2,-1.8972223938112274,0.05867522150982574
2,0.26617311824058665,1.821706300584085
2,-2.092691450328566,-0.021670587937461017
2,-0.3220963640787854,1.3051304871530065
2,-1.2544304108116326,0.7605097970024348
2,-0.5910757751517608,1.3458940371173915
2,-0.760478119081907,1.2063882259656875
2,-1.0870744053426542,0.992063944784725
2,0.901612581146729,2.6484037434910745
2,-0.26452752690091674,1.6657008549351175
2,-2.1002047939916295,0.0921295085647158
2,-3.396567303943653,-0.29057833029302893
2,-0.6386836742921604,1.7403781853611167
2,0.1103304545377215,1.8412376298611393
2,-1.0393910910126314,0.4264520185368985
2,-1.7477342624806818,0.8979152850437988
2,-0.9283297053509316,1.1312671081258008
2,0.42002659531095676,2.1430044411308216
2,-1.8146181514919753,0.1405273240326782
2,-2.0485584351481907,0.25605414753741074
2,0.018175631846296225,1.9340005580185087
2,0.15890952424283467,1.9002398791310358
2,-1.775455761215408,0.848153772359269
2,-0.4349791432798191,1.2011404025161387
2,-0.7034874571473249,1.0695999068257742
2,-1.8251476740296488,0.20491656939636904
2,-0.4201067514699256,1.5170068022052636
2,-0.6706307840031657,1.4287678029066933
2,-0.7447476735210892,0.7335478720216736
2,-0.41033398196114,1.3559015886759536
2,0.7966602335845674,2.3127429790618566
2,0.17222877009390603,1.921428440335304
2,0.8556991826955964,2.502969475229726
2,2.151087107277964,3.2215561038615976
2,-1.1190552047482072,0.5018668937576739
2,-0.6119036631347753,1.5752901245079132
2,-2.831128211242227,-0.43825568562601247
2,-2.075222957311026,0.02889928715907064
2,0.45405419515035916,2.487615118454819
2,0.2827563905254564,2.1973225308017668
2,0.5689457265296787,2.4173509688276593
2,-1.8530858022648595,0.539021743503461
2,-1.5840648474439198,0.6766666216537334
2,-2.6226344016783987,-0.5845207248992741
2,0.9775609666238264,0.7397845338199985
2,-0.08904969832099585,1.6883813939457313
2,-2.502394286750795,-0.28574065820261807
2,-3.32182219338172,-0.8496589879682208
2,-1.134847310529057,0.6097782544255428
2,-0.8022816764745813,1.1379486016827465
2,-0.3656220134868158,1.891305064547554
2,-0.6668547018999029,1.1023792824349137
2,-0.9814486475884596,1.2560324084139733
2,-1.5826278567375553,0.5740210023435584
2,-0.9154563839736812,0.8330042344443849
2,-0.9846210155972348,0.9360220966253517
2,-1.366182856109793,0.7677218640592179
2,-1.1746624069308287,1.2243136633734144
2,-0.031175634196147772,1.83294291159967
2,-0.967104060316834,1.2273552341892964
2,-1.96089880249837,0.4323183380027622
2,-0.5639482926774606,1.3347385800827147
2,-2.090898108584515,0.3315938883342163
2,-2.635317915872593,-0.488915361340855
2,-0.8981229230229153,1.068977233823008
2,-0.346208222183774,1.6300746988378099
2,-2.105408451741317,0.24849656053799085
2,-1.9412911682445597,0.47822503568055885
2,-2.2044480171642427,0.48733304655288423
2,-1.070621213074366,0.7315026462564729
2,-2.824899529482063,-0.49710448178475874
2,1.0175497734772674,2.535166696367893
2,-0.5173073293470766,1.412638052073155
2,-0.5329261336218971,1.0982357502586106
2,-0.763730515734047,1.595279035046174
2,-0.7892157256442801,0.959105413249822
3,-1.1043398815346,1.1909536873475517
3,0.30856673502491927,0.7605651394951738
3,0.8909188839409693,1.0001964070158564
3,-0.013937903460437218,1.2258490293170303
3,2.4528219082198337,1.5982116038185807
3,1.718027609164325,0.3189407331184554
3,2.746229588407762,0.6350507885269296
3,-0.27823010968779593,0.3538839894367102
3,1.465226305856815,1.8125650396237079
3,-0.3115942015409421,1.4726506270073774
3,1.4585169538941996,1.1608992593780165
3,1.3152493345286822,0.7280792162069949
3,1.1271511375497776,0.5680744247036499
3,3.7293296176208006,1.5619643678247361
3,1.0799643997239123,1.0665983454824168
3,2.1904008784849442,0.4733983269813079
3,1.2418667052022392,0.7543683942615923
3,0.9140365075239246,0.50232461465888
3,1.591968076823782,1.5885450345248955
3,1.0895427923613974,1.1480139674839804
3,-0.019313154849560643,1.201470578440109
3,1.616749145245195,1.076070845105075
3,-0.3446517756122216,0.44585577621824957
3,-0.02406997184690174,1.301060177474059
3,3.2036843231511103,1.1042606225364893
3,0.45665976442777967,0.7447569596088939
3,-0.534789366126676,0.9951557014852255
3,1.1281885164606118,0.6847753204001255
3,0.7386736893195712,1.0625821199573486
3,0.34693918526701106,1.3918814493433576
3,0.4064357479051748,0.9284394561474114
3,1.8823874927510422,0.43547446016419333
3,-1.6766853073259131,0.8620821566302316
3,0.8885954718026073,-0.017309131303261838
3,1.0526378020340887,1.2532553798031116
3,-0.06720161623252707,1.7763012239729805
3,0.4733690400592001,0.8638871633350712
3,0.5239429597923103,1.3859615183951255
3,-0.4358050828931397,1.1910666541878885
3,0.4830672265330378,1.2398335945579018
3,0.767106697820424,0.8965102540186926
3,0.9958387218109767,0.9966308580556233
3,3.3139420673574715,1.4817362670063488
3,1.5709162291181298,0.9491051658560493
3,1.1370889809066869,1.0439302072950596
3,0.7690577501112709,0.642015320612247
3,0.11050096892403649,1.0098949851443642
3,0.38056593837667196,0.886221803814578
3,2.0621214612319054,0.9052444063974489
3,0.8914912042712461,0.9900428837911267
3,1.8416950738802353,0.9940160678830818
3,0.8500236112774845,1.7583885051346313
3,1.0904798840804526,1.6351424586259182
3,1.816534194809797,2.0385068789283487
3,2.0085376392382903,0.6084697218209687
3,0.9951073158980837,1.3862526096057985
3,1.7943500172102045,1.1853050164744887
3,0.49424491875368015,0.9820431838003709
3,0.1512289365789664,0.20291044757995091
3,0.8212092579379335,0.8127938104996568
3,1.2283027437077583,1.224462325284114
3,1.149620841669134,1.0842921397884815
3,1.777126884386636,1.1436753623983964
3,2.452671114443213,0.8656465405577766
3,1.9614636990970657,0.7186404712155624
3,0.7447215467125112,1.612219162685633
3,0.7371924772049933,1.0134730637331346
3,2.443531717131685,0.8672652833222739
3,0.520483244382733,1.0068192015006505
3,1.1635779137878322,0.9016121629591767
3,1.912668337973863,0.9483325146564894
3,0.07933944288840711,1.525867952296292
3,1.8477591899405181,1.0164534477747598
3,1.3706547816216519,1.2659087035078413
3,2.483751871172815,0.6616240062936865
3,2.0283344979172564,0.7328724090539006
3,1.690699746534919,0.7174534444154609
3,1.5691206075682314,1.3563403086350063
3,1.6437392548079428,1.0683656299605484
3,0.6533568589616319,0.5281963319680365
3,0.09605702204242905,1.9957504451808246
3,1.4273880269056627,0.7230705633639146
3,1.191791779751461,0.6850717191280589
3,0.9487695808260573,1.1145333293858617
3,1.2007018535169889,0.5113982870016957
3,0.3884376186013292,0.8388866406022127
3,0.7433898652396664,0.8342924772075825
3,0.8822855766904834,0.7415457353075326
3,-0.821028776489257,1.3457024735295608
3,1.0726049835651927,1.2344214432800082
3,-0.2704642912812443,1.0499610568078326
3,1.2545241055571996,1.193730792675879
3,1.669899852877943,0.5788105431535981
3,-0.23006367918182824,1.2248557339736792
3,1.4645483157064882,1.2440595124093958
3,1.1447230324902318,0.7302551859473383
3,3.020200301293056,1.4417017871769977
3,0.20029574006036754,1.6356015572492537
3,0.14546460629159186,1.5208506366186552
3,0.8370070698535856,1.6445144958207727
3,1.0672222384148033,0.6647145269157112
3,3.3838313226486436,2.0641010783359417
3,2.413693343324629,0.03132688885840995
3,0.8804491452081833,1.412132947140101
3,1.907743726560295,1.469012026925472
3,0.9477876762785751,1.3813016955779174
3,1.240724751837795,1.2865794781548168
3,0.6079570791482285,0.6780285630714724
3,3.3763057270624013,1.2743609925719759
3,2.26196009075424,1.3636945270283245
3,-1.1647091647815229,1.707698786614596
3,1.0882129860370515,2.7175510230827804
3,1.23707996500541,1.064347464522143
3,0.8896903829443168,1.4228249669387343
3,1.222095816890046,1.267415659752976
3,1.3997700720713195,1.3489992295040976
3,0.38767876258292755,1.636376015561022
3,1.5757594911404231,1.0412361951394302
3,0.45480044451875634,1.4243895287055057
3,-0.2822645104637531,1.1416508852219245
3,1.755198545259276,1.2623362084832266
3,1.4842092461864593,1.0794912649842934
3,1.4374043442759887,1.6042555047465759
3,0.5626011104017765,1.71140620035256
3,0.8475309924548118,1.1379646888973138
3,2.1977269707231732,1.7633733280501827
3,-1.1042114903404867,0.9808815514885169
3,1.6294288247724316,0.439629430637986
3,0.4364606371514026,1.1573484115198327
3,0.20411844824678993,1.0094737430960794
3,1.6423832285053135,0.5021003672998415
3,0.41021192118859773,0.9141473232757442
3,0.9898288228151028,1.8772574579740937
3,-0.0731281479652508,0.4754301829987133
3,0.4764982427566543,1.2337566219325273
3,0.6828593122846325,0.6525313657230292
3,1.4015176736756247,0.6308610349524222
3,0.724415511861694,1.0665769833331464
3,2.19382370367582,0.35971557113387065
3,1.3127633528528055,1.6659700959319634
3,1.1515307800680148,0.4515778250214545
3,1.1150893228959424,1.0873971986229674
3,0.5539690417422425,0.5962481432312916
3,1.0999562445259865,1.2080449643981934
3,2.019203536713647,1.7914644320834512
3,2.1015705058739007,1.2916639701454928
3,-0.20067269975281343,1.4291600890637168
3,-0.21150877134177515,0.5052371185174946
3,1.26339518059054,1.1817875389904242
3,1.4485259275619895,1.2134864536584975
3,1.0701321507087895,0.6652276074380652
3,1.0471861698909928,0.3953648246957505
3,1.8291687238511436,1.7459260649592836
3,1.5435252368642014,1.2769385242911708
3,1.0075945892362885,1.3819809931481535
3,0.2848402060001537,0.8531734984909596
3,0.6678497546460422,-0.10792607016046407
3,0.9909730136033618,0.7301643861988198
3,0.7812800062482321,1.2879952552415492
3,0.05061132670721091,1.527513040768908
3,1.4201615851410971,0.4023066160541521
3,1.527610963919669,0.3169707277926218
3,1.7662269525289862,0.6202053602686362
3,0.684528449766852,1.541136582724219
3,-1.5931631766329666,-0.452576693748465
3,2.4804267195400698,0.9142493185968117
3,1.7223753080857132,0.7929749119350764
3,0.3291415443397344,1.475290742330244
3,1.0760247708882826,1.2385275334356831
3,0.826589317072689,1.2451547476697762
3,0.8394411225748479,0.22180434931770132
3,2.0953638620827886,1.1862104570912986
3,1.0878314898922923,1.874593853495198
3,1.094832570724028,1.6793037297533604
3,1.4811819684036018,0.865430996361454
3,1.9064278663235017,0.749899238691143
3,2.182827345480322,1.2314210318524192
3,2.1664269130948903,1.450298052860666
3,1.3339243512838497,0.6450605974762403
3,1.0359208843407905,-0.45121043368272185
3,0.6984793094816809,0.5945245617505573
3,1.612821919611505,1.0010252615356168
3,0.6497779781629466,0.8169707438927734
3,2.8719233580655956,1.0894024966498221
3,1.9144760899463225,1.9814305256481897
3,2.5176830552631033,2.024879243363984
3,-0.435541515377754,1.5132607959794662
3,1.642228437320408,0.5709464683954666
3,0.681327706378889,1.312414207637084
3,0.7096404437175723,1.4545736167719927
3,-0.43657963899354657,1.5339813176497026
3,-1.7072872197641535,0.5149423070072352
3,0.6683064564981934,0.5939047573446705
3,1.817313084175158,1.0087200377861287
3,2.057277583775843,1.2624285216127764
3,0.25879340672157425,1.3061473734484892
3,1.8832628929823536,1.3290317295707006
3,1.276527512999582,0.30745481720773016
3,0.9545720453594829,0.9839011159690012
3,0.3046704343401978,1.7286704355751796
3,0.774553210944449,0.6300614503626332
3,0.6167758954610288,1.3773425290364778
3,1.8556193372194751,1.0444304411069987
3,2.439908518152157,1.2914651453436987
3,1.5566455678310722,1.3294289871950213
3,0.2549091041345497,0.6209980602482581
3,0.035364015799602466,1.1735746467648864
3,1.6537017711962014,1.7816251706597983
3,0.5662302596329138,0.6782068969468458
3,0.10774585603931319,1.7093591706356661
3,1.3049884052127592,0.807004185486524
3,3.630773495279613,1.8526387867318395
3,-0.18279946767441024,0.9732515713353732
3,1.0332227806539582,0.3660994935272509
3,1.0558297187421464,1.3430193169798867
3,1.1122426825843685,0.9200569718120337
3,0.2753016444574803,1.3737858084523642
3,0.5602726154550733,1.2741729696004338
3,0.7039146336952269,0.9544110331005546
3,0.4113225051763003,0.528979200587552
3,1.2652928716305412,0.8160102129671796
3,1.8566778361812655,1.099501183789557
3,1.1726212036581523,0.9739109661292618
3,-0.09617694664099097,1.1120676996111962
3,2.995426196309774,1.1860588921053137
3,1.9456864057029766,1.2432636217477846
3,0.3002610570907759,0.8166926313769631
3,0.7042584181580289,1.3107956548913362
3,0.42883665981298613,1.9284332139694955
3,1.0657248194115116,1.3002393605456277
3,3.453951285530659,0.9998752533904378
3,2.0146677971446953,1.1397788005596818
3,-0.1882220443367595,0.268332937501514
3,1.8129052369496996,0.9975367855352756
3,2.698362912340918,0.7461565545881037
3,0.768940715094731,0.9315279471746809
3,-0.29138535743307914,1.135099140326165
3,1.5586356985110217,0.8157924890823675
3,0.021837409880437253,0.7675254579946434
3,1.1085899820879723,1.537549307303078
3,1.2375077814852409,1.0556924639793863
3,1.5213015006702488,1.5273575438543208
3,-0.04941379715707228,0.9780721482939341
3,-0.3483986364466718,1.4737262955061858
3,0.12443453184852649,0.9642015979657357
3,2.4723234655484507,1.9557815966480403
3,1.5189992785912851,1.3683094379418488
3,0.019014881951900597,1.5660052457378348
3,1.5666496180639058,0.7707328227857012
3,0.6976147391875173,1.2409565364158528
3,0.6432975508998083,-0.1807158782435614
3,2.6630403658363297,1.0988522196638777
3,1.8246790897668803,2.2298517104347693
3,0.8519053125052769,0.9988944282646948
3,-0.6743242717326712,1.48030056625129
3,-0.08644491096509221,1.1475602469948987
3,1.2669733481747123,1.1084371864377
3,3.013469972096304,1.4736315549895858
3,1.4270171167126289,0.9581705737233583
3,0.023583192191894975,0.43286357054078983
3,0.937293189701988,1.4719061210903135
3,0.8558736433065617,1.9042800222014193
3,0.7884904206653668,1.2027498444038924
3,0.6887382224695747,1.9039621619977471
3,0.6081475203553065,2.0364502291796223
3,1.6540468767623786,0.9321883100490546
3,1.7627346960845691,0.9842198952418174
3,1.8809938496796843,0.9045413244526264
3,0.7012157717994527,0.7787004247439376
3,1.198342340839813,1.8955546728370432
3,1.7072566450552071,0.918805439834119
3,1.054502936048813,1.2579440083847127
3,0.09705574686727791,0.3369522578858456
3,0.47675007816945525,1.1706491966875112
3,0.391856056341372,1.9762022663635306
3,1.1729485158321884,1.071534221888596
3,0.4167088870810979,2.295446559013678
3,0.7427070576056072,0.5276257966587596
3,0.7837435315706893,0.9795932883207011
3,0.9267024520991715,1.1165117056297673
3,2.5950570841351794,0.6353779586807952
3,3.3683724694100934,1.1418313802568854
3,1.9991182841710584,0.7030103512171204
3,1.311304185615116,1.3782727734127114
3,-0.5315164738407965,0.9556205393342672
3,-0.3207197505749204,0.667724821907484
3,0.20750557349655407,1.3644156453865355
3,0.7450128905440061,0.704604593165279
3,-0.26824673947536737,0.7582942093608387
3,0.6549324915347958,0.686957733872881
3,-0.2612166377363896,1.5819881314810402
3,0.052527541268854616,1.0580509563340041
3,1.4929048683121722,0.9898555160944661
3,0.7047725807733602,0.7750931025680623
3,-0.1652774770456944,0.6457663771889155
3,1.4730634123539272,1.0234099928143223
3,0.6965475655039515,0.4730931723103121
3,-0.9156693136305596,1.2241993011730015
3,1.601460483272442,1.1508189519039316
3,-0.020039289943900584,0.5747208439815001
3,3.250154922677905,0.3298162261660411
