0,-0.9036874180276304,-1.080160259174163
0,-0.059168579908640884,-1.5549086278020816
0,-2.9955680848317847,0.16995376523024008
0,-0.046953357117447414,-1.5618615616671367
0,-1.3540599929117765,-0.7824538429547202
0,-0.9075067702810232,-1.1470363018662892
0,-2.349207784988833,-0.0668715557512104
0,-2.605222889215868,-0.06741418183264503
0,-1.988929491792941,-0.435481373699928
0,-2.1642411036513627,-0.19510614593268505
0,-2.8565511820060454,0.12066367572938286
0,0.49217076772320145,-2.132229064818925
0,-0.4229821515054938,-1.334873502957933
0,-0.6208126697108101,-1.2509597849583887
0,-0.26757446760687253,-1.4371079762482943
0,-1.5909382850611453,-0.6089769947201793
0,-2.9346383731359595,0.05129515356966663
0,-0.9929203511724296,-1.0928147410602442
0,0.31415432615184646,-1.7593311188041154
0,-2.7060530388784727,0.08745469401957662
0,-2.501111497533912,-0.12953576683430224
0,-0.5792005738748196,-1.2590150540751417
0,1.340371049827416,-1.4774335899905156
0,-2.170907580218091,-0.2732429085553628
0,-1.5355123030553641,-0.630210197025133
0,-0.5065018812109034,-1.2389282037183431
0,-2.2883831962953582,-0.2858818041130773
0,-0.5034295438792613,-1.4821321431089451
0,-0.583664455917635,-1.2556511768723804
0,-2.540622500462069,-0.12810811159704805
0,0.5746951037077515,-2.0441951262371685
0,-1.393557929734632,-0.5800452895936578
0,-0.4098637759320125,-1.2775211563898436
0,1.3956824918490494,-2.4359641400047725
0,-1.4723436641095629,-0.696426238375576
0,-0.37813013401764395,-1.3688858691668855
0,-2.2623868615440887,-0.1807989379886068
0,-3.6294831839654025,0.6407549315789021
0,-0.5451219588855876,-1.257163848009048
0,-1.4447090890878949,-0.7295415223217967
0,0.17873270045955003,-1.7386655127550936
0,-3.0542044677788396,0.13855320445411
0,-1.607501881837993,-0.6080342853092487
0,0.1703039647634914,-1.7840687100013048
0,-2.278604468676712,-0.15602134819918767
0,-0.7011231243098335,-1.2560842530176148
0,0.2856953654075489,-1.8047922442464865
0,-0.13051515096046906,-1.4598614772886318
0,-2.505681048047789,0.0318201855138005
0,-0.8077344937433988,-1.183032841134132
0,-1.6506429946039312,-0.4990058143364844
0,0.15889747024167744,-1.691045058256246
0,0.4437931688706038,-1.8099495708292037
0,-2.4200385598347753,-0.13354077960998811
0,-0.91439818881799,-1.0298899177547987
0,-1.5254166988963331,-0.773929669702079
0,-1.7191854693152089,-0.5418228739819635
0,-1.309883447186197,-0.7465127710093773
0,0.1759105004464594,-1.7139344659433668
0,1.6262568758682088,-2.6809892539862803
0,-0.4070186489041103,-1.3988921368432456
0,0.2850828153428171,-1.8086503815652226
0,-0.3334158283462838,-1.6171074845605942
0,0.32261325673677566,-1.8773234661448026
0,-0.7197474378247604,-1.2235949568380933
0,0.7349121800937546,-2.0263768891572034
0,-1.8035869692111286,-0.47329228142790125
0,-0.2275250532400449,-1.394502341180646
0,-0.35893366318518516,-1.3406323933154356
0,-0.9895868054301968,-0.916403085550026
0,-1.9423281399321115,-0.46061406516897685
0,-1.1897088888505776,-0.9155529448997348
0,-0.13027838750454912,-1.6373303370141359
0,-1.699719605608336,-0.6110530802894368
0,-2.325615474295394,-0.22987786682648192
0,-0.6908297973433697,-1.2983878691903277
0,-1.2569633657327095,-0.8207405595566691
0,-2.009467911462356,-0.41024534945386637
0,0.40694924798200427,-1.7955390844579853
0,-2.4242575518617926,-0.20528228379492863
0,-1.5857508274421566,-0.574286528508927
0,-2.486432005800859,-0.027461157843494455
0,-1.4681489707012967,-0.8063745815216887
0,0.49554222179454444,-1.923683698757769
0,-0.33595472314679187,-1.3320440177892192
0,-0.3524577538675956,-1.5451928405835567
0,-1.200593128514891,-0.8303067828282525
0,-2.7452808157616433,0.18674090894334205
0,-1.1166959852864013,-1.028564182477888
0,-0.5832169494626236,-1.1549638089273158
0,-2.113498308749354,-0.24687296495750366
0,-3.329547242726648,0.5088352991514009
0,-0.011473781450993314,-1.5486987736342905
0,-2.069661081736726,-0.33309271957491515
0,0.4883571678143044,-1.9701696287324237
0,-0.7894655539783038,-1.2870808572573909
0,0.015202192868855935,-1.4212560943063615
0,-0.34575144887472575,-1.3789376927223316
0,-1.2225069299191023,-0.9106334666418693
0,-1.4979242572373002,-0.8185693901389997
0,-4.052888487586447,0.9074453371985818
0,-2.853199648292655,0.1357755277880215
0,-1.1917557696631795,-0.8436009062499548
0,-2.577524217258246,0.01306238538856741
0,0.4474957527188057,-2.055564174309418
0,-1.6359162368290805,-0.5014126067693011
0,-2.6805213798868612,-0.058788423607791795
0,-2.8345175415046393,0.15527054208790148
0,-3.3524354002110592,0.48869885359854903
0,-2.154988433782673,-0.274111025164709
0,-1.4332795370806297,-0.7205559307420883
0,0.5405882357107605,-1.855108790966564
0,-0.5721607148694811,-1.3116499628023344
0,-3.0090183406451096,0.20368954483387514
0,-0.3649482682823897,-1.498907289501544
0,-2.443340634623558,-0.10700535856449389
0,-1.494748990748696,-0.8019946081464198
0,-1.43007933265715,-0.7940286255461863
0,-2.2947882167041445,-0.16565854580138084
0,0.9180903156040823,-2.2296042243064544
0,-0.9165456701378423,-1.2238424594716422
0,0.7324733782116513,-2.128230446222326
0,-0.20553401776823788,-1.4725000257271967
0,-2.673759506626617,0.0851810506082451
0,-2.0332446108371336,-0.32163532599137035
0,-1.3756026764909977,-0.9902084839096927
0,0.4357545109449481,-1.8826267332809172
0,-2.6208683957393095,0.20944379064657204
0,0.04078055158263871,-1.6797625496237714
0,-0.9443806295540778,-1.0717663530347257
0,0.2829592549819173,-1.876492947801108
0,-1.3956650663649808,-0.7012752912996454
0,-2.4903522752196907,0.10970727314338435
0,-0.47636017785278506,-1.3601499577455627
0,0.4600718815180662,-1.9344054856602542
0,-2.5737272074563835,0.02482094188288886
0,-0.12018102311744072,-1.608502386000289
0,0.38685552670639956,-1.8976952419573978
0,-1.14482862360867,-1.0245281466132483
0,-2.3547259794488404,-0.11434439350581638
0,-0.5279468008003343,-1.2447876288564057
0,0.5066179913603883,-1.8265913192707943
0,-1.6179272911077849,-0.6643010054647323
0,-2.0079214403832806,-0.4982439337125568
0,0.9957660016229248,-2.285817687920372
0,0.5992390450532528,-1.8180288810993828
0,-1.2193406008323637,-0.9107427688760144
0,-2.281670046549844,-0.2551983788379045
0,-1.5089328180800048,-0.6745849730478138
0,-2.800718365456767,0.07531504264331312
0,0.14650772574285398,-1.719482964896734
0,-0.6580647376958446,-1.2186730076162762
0,-1.6972569778749476,-0.6809878284753688
0,-2.4307451191454867,-0.17204525800488735
0,-3.1135808435798444,0.26660951578875824
0,-1.347632562496417,-0.9368588556791633
0,-0.5774228508379075,-1.3610866140962052
0,0.5212699182707865,-1.8959896268544945
0,-0.8123177660445045,-1.0449264316514448
0,-2.333519543276175,-0.28084139512111594
0,-0.734866018193078,-1.063628506892494
0,-2.072608969744181,-0.30653574910707604
0,0.7961534827439887,-2.1585280867293872
0,-2.924846076270871,0.19511453102079468
0,1.459907398029857,-2.345893427619406
0,-3.276201901683529,0.43233280512181405
0,-1.8158019545156874,-0.6299595790695127
0,-4.027132628532728,0.9090840290227149
0,0.36174285072753865,-1.9134610098280933
0,2.009760161922136,-2.946112586440316
0,-0.6559601350079037,-1.2347914607157617
0,-0.9407152061741044,-1.071282021168089
0,-1.9303802683280882,-0.44628349028674175
0,-2.8036171277660813,0.14187856548874223
0,-0.667267832255718,-1.1907739263501722
0,-0.8786467787820692,-0.9879437466369069
0,0.875596242193549,-2.151289453605505
0,-0.9980985613596157,-0.9809865402630003
0,-0.22415055586431876,-1.446924743773613
0,-2.600117486194066,-0.021127511663538767
0,0.6338770350232945,-2.00630134800809
0,-1.9084178643741567,-0.3709193588040779
0,-0.7679245449847598,-1.2251743957525183
0,-1.4797018558685548,-0.7774841439932361
0,-0.7094536998698732,-1.2532855784521035
0,-1.7376803336753008,-0.564940569247193
0,-0.9824386297036414,-1.0321486667161275
0,-0.27565859226220557,-1.4137742849351496
0,-2.1245545428350994,-0.31099869625048737
0,-1.5945858212205688,-0.549615419250554
0,-1.8579612969115984,-0.44203284009274446
0,-0.6794112099947112,-1.3196979736752361
0,0.4200333285473066,-1.754970420417616
0,-0.4515199188674678,-1.2645289756667024
0,-1.4770409570796066,-0.7720709393750402
0,-1.4332997528675055,-0.7590142689733879
0,-0.32349994855919884,-1.444809953973909
0,0.4218543478800427,-1.9019835206318065
0,-3.1666166354020207,0.17501969866586653
0,0.25293953346845166,-1.7381162320076455
0,-1.695213716324603,-0.5829998002345957
0,-1.2386847026099768,-0.8885741930689295
0,-0.25226974196301843,-1.3455100526863877
0,-0.943544911409829,-1.1295615614904262
0,-1.1441720870211654,-0.9420960756787988
0,-1.056128323101859,-0.9856485962615975
0,1.2618252443892235,-2.4258597226732204
0,1.0565207536560721,-2.407573225344594
0,-0.42086678015874956,-1.1878663309500679
0,1.0398395935949094,-2.3085192576533102
0,-1.1604295417686499,-0.8650987571753063
0,-1.1273098476862773,-0.8823489808458115
0,-0.6654169311293086,-1.2752617358288598
0,-2.2261833056966562,-0.16370376285063482
0,-1.6580501059436235,-0.5216529869932283
0,-0.40365212072938994,-1.46914759006893
0,-0.4373711764535013,-1.4048535639743762
0,-1.0805207013083535,-1.0135983061805272
0,-0.3037927846301518,-1.4984527673776775
0,-0.6586370135243876,-1.215004767725685
0,-1.5150378160011937,-0.6206782418340732
0,-0.8741771066302025,-1.0527016317531674
0,-1.6045399886147802,-0.5936614795649555
0,0.9723568134163676,-2.1747105086172107
0,0.6547530190503579,-2.1107627193015954
0,-0.20287903705761434,-1.7439420647344717
0,0.27115276454452997,-1.774192659332567
0,-0.9003581280901303,-1.151181727470989
0,2.2080886503018275,-2.9723278652399494
0,-1.4676235415178398,-0.7724077310310703
0,2.016516508227876,-1.1021455078434343
0,-0.9620709496978815,-1.026755589762126
0,-0.7535300147015768,-1.2400316881665716
0,-0.2816623904696314,0.877695068496948
0,0.2563243494858862,-1.78323520385139
0,-0.19366701966049804,-1.6320316785930769
0,-2.5931397453595597,-0.014376736347385344
0,0.7451817141760881,-1.987513493217965
0,-2.2648283131524236,-0.10536394116558001
0,-1.4276759687178897,-0.6782755526089939
0,-1.8883340361056404,-0.4467608521673979
0,-1.9576951170651453,-0.36871224131139924
0,-0.9822767340548616,-1.0089096551074563
0,-0.9025383062586294,-1.079028447415907
0,-1.76283130431831,-0.5502604882195473
0,-1.0757935284990896,-1.0892097544807282
0,-1.170654790302131,-0.8943021962969765
0,-2.1122788036188287,-0.29447081781566975
0,-1.8741804887053384,-0.314220906693353
0,-0.7085471273946531,-1.2623422487710825
0,-0.4869822385510003,-1.2586488236708713
0,-1.422933627616693,-0.7418198837479344
1,1.1012467292707786,-1.4223272036216594
1,2.2018554706395133,-0.47466030372322954
1,-0.6603639417561586,-1.0425770211248144
1,2.780753152680851,0.12734623240969256
1,1.42174103274607,-1.3344600494462808
1,1.729988269363258,-0.447763264893419
1,1.6991201641489848,-0.8971203762808655
1,0.5019129505317567,-1.5147018672320072
1,-0.16924639937056507,-1.6182435880823416
1,1.2099529293738858,-1.280658012358999
1,0.3865414642666857,-0.8467924996618466
1,2.271039981303831,-0.5567207275217011
1,0.4541609093274406,-0.8994456492601184
1,1.6334255256226093,-0.6741346707223009
1,1.3644210356391029,-0.683333921510556
1,1.7431314409010783,-0.172974820982019
1,0.7102114914635254,-0.7897417723900357
1,1.5881306199965886,-0.24728852734370987
1,0.4784629868178686,-1.234502005961526
1,0.7108858478751661,-1.349556666643614
1,0.4318750274701071,-2.1543474014195976
1,-0.036448898406708174,-0.6076725730323354
1,1.784720320649535,-1.669732499489185
1,0.8612089012996162,-1.2573207711013934
1,1.1546675006047002,-0.4752600651726453
1,0.7978456996155366,-0.46990336468912
1,0.43667297591739207,-0.6647460960219783
1,1.1850544449793357,-0.9795737078770262
1,2.074289173177363,-0.80254491678814
1,2.4299861915362557,-1.475511219771347
1,1.7638044286278027,-0.1490527052579772
1,0.25128854637172504,-1.6223538054903137
1,1.9691542096052737,-0.6052842156231637
1,0.3192292045308238,-1.911809972183509
1,1.1332414366064107,-0.17113319296574325
1,0.44367053542797064,-1.457764304856195
1,1.446926142992801,-0.7810775318135221
1,0.6071166933252803,-1.0243416812627877
1,0.49909555010162165,-1.6579054285408341
1,1.6290019649381307,-1.5830129147351384
1,1.600902710892685,-1.1230135782057968
1,0.36338836227801474,-0.4922351262762489
1,-0.8801783007764199,-1.4979631829268798
1,1.4377974119357742,-0.2163029109093606
1,1.3613893518957016,-1.9051028473488814
1,0.7235181752973976,-0.6859363792997287
1,1.3018423219054065,-2.2172981693168685
1,0.8757393183524865,-0.9515069642538279
1,1.3591027453244515,-1.7785787722027395
1,1.6082327251151707,-0.8762401859972903
1,0.8513465254361126,-0.547694037284592
1,0.8331492734680583,-1.5163183826755295
1,0.49160450756559726,-1.7847278408746945
1,-0.9367454414701892,-1.222238057793065
1,1.2514412965838408,-0.35916102979283704
1,1.5547083264955224,-0.9956305734479148
1,1.2614311122047628,-0.4604471103524267
1,0.7599268262586572,-0.47477594259777345
1,0.7373069557490922,-1.496199998987347
1,1.0196834759861308,-0.37604605418585013
1,0.38224341009763174,-1.5629064036658304
1,0.3081668945252969,0.18902527562243998
1,1.0790917780846048,-1.870966957325185
1,1.0979228192218737,-1.5399449046078924
1,0.9863622055962367,-2.0313179725866437
1,0.8713725415961344,-1.1358972520994501
1,0.3154553539559537,-1.5686918793081297
1,1.4980083268161986,-0.8865786320087962
1,0.8824518357022493,-0.09131290172757645
1,0.40434133810272643,-1.899605459191686
1,1.9104759573828942,-1.5661442738673794
1,1.2534048287821147,-1.0543468765359
1,0.18159738114353585,0.3762505210361191
1,1.9349387795769855,-0.525330526350743
1,1.8677119556126822,-1.5624004543856995
1,1.3796492686482034,-0.26246185314580384
1,1.38856313110227,-1.1043578362965176
1,1.3270037077329115,-0.9519541233548077
1,0.8781870641575089,-1.0717493562118177
1,1.1589907521373057,-1.2869377418898629
1,1.4684156293682251,-1.5388642840203752
1,0.8601396649047348,-0.501441312083589
1,1.1232076556468102,-1.2023282336203671
1,0.8304450065435436,-0.16987152496959956
1,0.7160013715961335,-1.4526879515409932
1,1.1540688325406192,-0.8849486300198632
1,0.19380436740570073,-0.4258393153694152
1,1.320116022980924,-1.3601638362021504
1,0.8085390937333055,-1.515054995361312
1,0.7630019834516377,-0.9302673866698882
1,1.0976556588497384,-0.5374656083679307
1,0.6874873077411849,-1.5915583832392997
1,0.3403839052895956,-2.3781157451951893
1,-0.05648363296390868,-1.1563305854226298
1,3.093630398296974,-0.07170927293804275
1,1.1027224890792953,-0.07415376246769911
1,0.4556865033561882,-0.6848991581809964
1,0.9534746201994841,-1.0362097745588679
1,0.4492639360599655,-1.652011584281245
1,2.7739299517376224,-0.12664136546085247
1,0.9687386194862153,-1.5936617113521343
1,0.13817982598396128,-1.6393114182079846
1,0.307204038877016,-1.6605607260041397
1,3.9410999684180266,0.3812336200374855
1,0.10357461032593429,-2.444841535944197
1,1.7335043389047693,-1.1886802571214015
1,0.7963539496339032,-0.4799210200268106
1,2.338223052056974,-0.8436027644006772
1,1.0855567169178295,-0.4460552066330392
1,1.056668390807383,-1.1557917312349417
1,-0.13029620249859897,-1.228224222756492
1,1.839224567107892,-0.3886449664221856
1,0.5830541976964864,-1.542897121169158
1,1.4348764742430746,-1.7691929774768376
1,1.6062382797805135,-1.5274840695405996
1,0.3920812590288668,-1.9953813140166101
1,0.4682739910879452,-2.0384613481477034
1,0.5432983699915446,-1.1972861435880429
1,0.5391025953262631,-1.557500865239282
1,2.719730595446966,-0.08503383429955669
1,2.1912663185039607,-1.4831047598361418
1,1.4177548877113562,-0.7922955232022495
1,1.9116243659305698,-0.5772676575429498
1,-0.19092955232024567,-1.8197918269418052
1,0.29177611076072363,-1.5786382400740802
1,1.5503483309734847,-0.4383126156460283
1,-0.47172655850436973,-2.0961258250400454
1,0.10941718179840487,-2.308905921903383
1,0.15512401584370972,-1.5827640924627078
1,1.1982901275563655,-1.8579605518148488
1,1.0742988905980722,-1.2950403255465177
1,1.1480220598718123,-1.3176695615610112
1,0.11562959189851774,-1.6370347860747752
1,0.0743272210659578,-2.0100140003734737
1,0.03270715775632682,-1.154234841181435
1,0.8539377100540675,-0.7823371488435951
1,0.33579279171698595,-0.8312153218266326
1,1.6490266220968643,-1.560839320935064
1,0.471922636161787,-1.460921231252803
1,1.7314165467523477,-0.896441390516205
1,2.0226910792515183,-0.8166069640408634
1,0.1644589078817562,-0.11941117422901548
1,2.2407018200367563,-0.8552443678273021
1,-1.4305277614676792,-1.4949738691983627
1,0.6674108948475255,-0.3746200464287808
1,2.380492015067115,-0.07153713496087022
1,1.8150922421558695,-0.7852109009104312
1,0.7503663994462405,-0.3115882981200261
1,1.302185283334175,-1.3908832003835543
1,2.3488916827748354,-0.09808118367904073
1,0.42832558591251346,-0.605329025877168
1,2.3500119982631693,-0.4831204552974707
1,0.625618766538288,-0.4908963012095928
1,0.7757169483604416,-1.470492007483893
1,-0.023479099505099743,-1.5181407087582752
1,2.3016918457311037,-0.2408028562968807
1,-0.11479584906025897,-0.4512011571706923
1,1.3504842566737276,-0.25541372207674684
1,0.4511903289670799,-0.9349758579320366
1,1.6470002321730843,-0.724254177394474
1,1.8198684353803611,-1.2319030414763485
1,0.8639865444972309,-1.1745062036620422
1,1.4141699785076582,-0.8753043190783287
1,0.2493971814414766,-0.4584656067920261
1,0.2790332320427018,-1.6891792904745273
1,-0.16886334497051947,-1.612696436342528
1,1.277098068165248,-0.1685327624572387
1,0.8849141155439156,0.3639079405320247
1,-0.07040425437205733,-0.9727084322546187
1,0.7663554606236993,-0.9419384271438285
1,1.3326034490306187,-1.5490974586003667
1,1.8108228097642636,-0.6966022392598624
1,-0.6234985182516204,-1.4899680735024807
1,0.46954578744142916,-0.8925524605389714
1,2.334013692888687,-1.3392954130493724
1,1.3105457569257053,-0.7796492741858942
1,1.162584515482863,-1.1491943791771935
1,1.770950265981523,-0.6574666787329022
1,1.6393348415661684,-0.10614119741177941
1,1.4143694464824357,-0.6035583153464419
1,1.7297202170055719,-1.2145792169702843
1,0.06318501470672178,-0.7342015800607957
1,2.5671414741769025,-0.837044820576643
1,1.4493417971954428,-0.35060659854997445
1,0.15181561314992786,-0.7985026803003349
1,2.558366059921198,-0.7665907119716393
1,1.6928391869317847,-1.00818259531785
1,0.9958738171836538,-0.4004929120736138
1,1.0974981028854143,-0.02884854510667989
1,1.397085229894201,-0.7130605130677823
1,0.9858301512388388,-0.3911054749020352
1,1.0813601901229066,-1.0349937906048896
1,1.1639421499771898,-1.0892185402295955
1,2.428708296813791,-0.2057167305132177
1,1.5821770393631436,-0.1350227689500505
1,-0.4536722438054974,-1.6721816296861207
1,0.9311984122099531,-2.17466627320046
1,1.188429079246808,-0.7216758622128525
1,0.20067260161109834,-1.928620574842363
1,0.911146187005453,-1.6588569135692701
1,1.6216303441562616,-0.5411242663560741
1,1.1953345302000744,-0.8316541324404513
1,0.18385264047010708,-1.1982081594688034
1,1.2356494761387284,-1.0464677131299194
1,0.673456558230118,-1.0595855494040893
1,-0.8803278794392912,1.4330297445395703
1,0.33063204600975094,-1.7370514520251141
1,2.1293027650013396,-1.0060195485128
1,1.457604825225053,-0.4883512901036916
1,1.1297812217073626,0.49394973981913215
1,2.2241232605960928,-0.7462196670686586
1,0.5900255823280267,-0.26334134356815453
1,0.2682053617030874,-1.8385017856143087
1,0.9649175969680666,-0.6347147321778268
1,1.6091678375206817,-0.5962338415542365
1,0.5454427407186891,-2.1972988919347625
1,-0.4732467801446092,-1.9603804355878558
1,1.3831547111514084,-1.0908484028050176
1,1.0736427708614265,-0.5666967111116645
1,0.8137329675814726,-1.9391221988650433
1,0.5202220059103317,-0.9336368934912442
1,1.773911114833018,-1.2480040299454978
1,1.2398968660191683,-1.1033651560780557
1,0.9317948012777162,-0.7381534092712221
1,1.4978296939768703,0.04930691233552187
1,0.4641531580643612,-0.8037199046016341
1,-0.02704701983347224,-0.702408407697924
1,0.15694436490114694,-1.6715369125706994
1,0.18853150026964371,-0.8438865994841084
1,-0.12169107979490379,-1.1404328378625996
1,1.2090035773700787,-0.9325778005638821
1,1.8220853558497554,-0.6991447196999334
1,2.3781636949265037,-1.209854841479391
1,0.7325581970867037,-2.131615526991803
1,0.8366054156634708,-1.1478561755413692
1,1.1568084574435908,0.5542701217294637
1,2.289011637961352,-0.09679746556988922
1,1.6750266991853504,-0.6790225822873586
1,1.3750535558664505,-1.3425547181178301
1,0.26638393858174414,-1.2703245665256522
1,2.9657154158737784,0.6825460504714895
1,-0.7484619617976069,-1.5179613136257346
1,1.3826848557711318,-0.9779965699648173
1,0.2696784205390488,-2.2894711834794954
1,0.9272600783568292,-0.8270377779489244
1,1.5990049308669176,-1.1641857288082216
1,1.7511047860773405,-1.1501275296381779
1,0.7049561410539644,-0.6814132049684352
1,1.6458819581018518,-0.2739995235292094
2,-0.14896345209220985,1.5298867623337178
2,1.0423538381936117,-0.5070774591260401
2,-1.4061928475379495,0.9852850947753995
2,-1.6858579119997068,1.060803286876846
2,-0.6740108817522645,1.8439613859209003
2,-0.7829431412958889,1.7810296454413874
2,-2.6087597923356194,2.4134925340455675
2,-1.593096130069113,1.6403048207684678
2,-1.0151882827116336,1.4576498876458284
2,0.06141324523748848,0.43244174496253607
2,0.21226714398371893,0.9836779712268716
2,-1.1467903513818103,0.0387057775259213
2,0.3131072845549365,-0.8002274977227304
2,-0.7655686428463522,1.7169607878865634
2,-0.7065636976886049,0.46998701636951556
2,-0.37526211642425866,0.30916500554677984
2,-0.9268432133457813,-0.3276992852366025
2,-2.110262405347589,1.1647438438525985
2,-0.6189869584121421,0.7669968339315985
2,-0.4490347829993858,0.572169057206845
2,-1.1494869559250829,0.5876811442520707
2,0.31415029413629214,0.6861076996911083
2,0.06267399496407489,-0.2848624795950543
2,-1.9899474744996268,1.9803806476053818
2,-1.2916822236336059,1.0052459885274552
2,-0.42038117098755967,0.5658212282662475
2,-1.847518953637647,1.7809523326659473
2,-0.35920925607313503,0.08271884144574959
2,-1.0156128722981328,0.10720139453944111
2,-1.1689846676448836,1.5003031678915772
2,-0.8078937820121737,1.3689306496801574
2,-0.8871218579322615,0.8853671806719161
2,-1.7449951395189123,0.14888815357220975
2,-1.1872980193291758,1.1916267946082597
2,0.3246253022561152,0.6623426794898393
2,-1.768992468076846,1.596379710224143
2,-1.1538498630540808,0.6379109063752161
2,-1.1686856854171612,0.7719519986254354
2,-1.8949314196821705,1.4243814607576097
2,-1.2990915486601198,1.5032232042914846
2,-1.4318177855607575,2.002855938284007
2,-1.264481345582559,0.7066148110815592
2,-1.4491347099036966,2.4287492285018386
2,-0.25305654933510713,-0.1898234118725275
2,-2.0326968695320673,1.1499821885556063
2,-3.265228438641677,3.265386183352064
2,-0.6076992860098098,0.8662782532271542
2,-2.671420619708391,1.9836813399723687
2,-0.48728977035502263,0.6462644579828885
2,-2.4378811654980446,1.1313442598440968
2,-1.4615607639909869,1.860477669629304
2,-0.1615125805755706,0.4096542117032438
2,1.276386601352642,0.4824347766771565
2,-3.3376767637134814,2.859921542289616
2,-2.5488638138289925,1.4100016489409912
2,-0.17569415845603786,0.3537609818388532
2,-1.5719908680488999,1.104879581561219
2,-0.956798340704045,1.0098339440480457
2,-1.9237116299492572,0.8858362382651368
2,-0.034231909409745076,0.8388084586068918
2,-0.20165724069768998,0.48756572927837016
2,-0.4831115202363312,0.03275186204581282
2,-0.25000466709815283,0.7454442606886509
2,0.2292888665745445,0.3656251400932651
2,-1.6615444580191738,2.4900440412676357
2,-2.755127053343205,1.22529297656848
2,-1.3305764367396136,1.3104771717079604
2,-1.0151272186497327,0.5338634868228351
2,-1.896796250460553,1.8071147918926402
2,-0.3292374826102481,0.740936840980782
2,-1.086978212350195,0.40144445906548876
2,-1.9869843441062842,1.81892987534673
2,-0.8471789759871741,0.18162528353250695
2,-1.7363986488670577,0.959427424720237
2,-1.2878249480697854,1.2491080684246885
2,-1.4390493402893016,1.1915957127941212
2,-1.1003565153112362,0.32834552303205866
2,-1.866133095305396,1.9751765270566095
2,-1.547878951822478,0.9957190669701164
2,0.18978980250267585,1.0963444469064214
2,-2.6191922317431615,2.117202350393831
2,-0.5702621049475725,0.77431330476311
2,-1.033107166681791,0.9186342755250118
2,-0.22378007831040314,1.3229027241238676
2,-1.0507545204944542,1.9333144571370857
2,-1.5953662068110575,0.8349740722639836
2,-0.26215921016247745,0.7869286933499617
2,-2.0589618316063225,1.6916611191460686
2,-0.30941672784782737,0.7078844660562447
2,-0.17285473963803866,0.6920980835785047
2,-0.8417944501035634,0.4640256176349473
2,-0.8447893739767353,1.9906556125275092
2,-0.5959662310586629,0.4246484613723711
2,-1.8347818990519675,1.6504963612298695
2,-2.462710679749485,1.5682364089778753
2,0.31256231411998003,-0.4188673211091367
2,-0.596993737811225,0.7443222726168135
2,-1.8934565723664245,1.6101265743774105
2,-0.7843739514621949,0.7965370416326307
2,-0.5177407169439946,1.334844707331563
2,-1.389070233020329,1.2517632632948215
2,-1.186801622519159,0.5044994850525379
2,-1.1980729190255577,1.2149011493001152
2,-0.9858356787073541,1.407352343117688
2,-3.0141326558753114,2.082424434192192
2,-0.5631069726147976,0.3914225941422047
2,0.031072469469270336,0.4189071912199408
2,-0.8077869354409177,0.7754159107768428
2,-0.6145536408913125,1.5235588933870547
2,-0.7063449558229785,1.9602987091540522
2,-1.1500773344656707,0.3800713703930777
2,-0.0324775490267627,0.23116614418620185
2,-2.5583513749014757,2.250934278709964
2,-0.1408225991050095,1.2181651757061345
2,-1.6500872546800305,1.6764838861967828
2,-1.8878114869650577,1.2889751433386354
2,-1.7290731634777232,0.8855424472860203
2,-1.2089926048389064,0.7047258408499846
2,0.6950674515758197,-0.2670021747439808
2,-1.9840021784987671,1.0345085645971293
2,-0.12013747792028251,0.3228890158539446
2,-1.1587450079262225,1.5445335975648924
2,-1.9078367928831015,1.2319473405878167
2,0.26733286801197664,0.17519337523816747
2,0.720229868478244,-0.14221414392261678
2,-1.6386424255907748,0.9413567928771699
2,-0.33857824272380665,-0.5827672360468124
2,-0.004923797715672307,-0.5456234175227646
2,-0.8227895012898626,0.14408661480528628
2,0.1271513521315859,0.23434506603327987
2,1.7962654439212837,-1.1479487494553515
2,-0.9353388364422173,2.0058384784957632
2,-0.7886019420839366,0.6650034664092841
2,-0.24665541140931901,1.3220397484771111
2,1.7017396430141072,-0.4285095269130832
2,-2.5736470316594273,1.7489103948898275
2,-0.7867766094009963,0.618362680190561
2,-1.9613037703327874,1.9323451744565943
2,-1.520858757542584,2.4420555718366064
2,-0.2364034565162476,1.365975681634593
2,-0.700835948150369,1.1268808465883513
2,-1.4263867686601703,1.1090197848086525
2,-0.6816054940129552,0.49440057290409456
2,-2.2040528481018304,1.0216426556025138
2,-0.9220974540074083,1.8669358115484447
2,0.784528544691252,-1.533335715976578
2,-1.11358681075918,0.3008621033773802
2,-1.0861963620752209,0.8518260936843471
2,-1.7830874722167436,1.5450863439682454
2,-1.1996746023237412,1.3033783996332704
2,0.019583363445944357,0.42431352100751096
2,-1.8188114564420972,1.5385323166641358
2,-0.6493943240361755,2.0267677001525453
2,-1.9166324366768925,1.8824430778408097
2,-0.36086781918126265,0.13157903691909423
2,-1.5500241151538363,1.0886549837263262
2,-1.7593714863792582,1.6464712503503136
2,1.414503436360644,-0.4579868897014152
2,-2.1555375002026844,2.120406781772422
2,-0.14346481429359303,0.8142730659790092
2,-0.862455685850568,1.0238681389542323
2,-1.4109200715580992,0.39743901467476017
2,-1.0457859690528557,1.2026861460499094
2,0.25437920343400355,0.2516038322908971
2,0.7997443842238765,0.1534475884359866
2,0.34667818617468193,0.27161259534748317
2,-1.3284833184460494,0.796308011911368
2,-1.5976085791340755,2.3529671643978958
2,-0.7104693273114902,0.29417778810347894
2,0.6652065575491324,-0.09631450943859554
2,0.10803637493230855,-0.06344974559425731
2,-0.17817660084532005,0.8946014801154446
2,-1.0363496799136507,1.5586402064033127
2,-0.6601365235980692,0.8302574132345019
2,-0.7488515395117754,0.30573093000493345
2,-0.6764516897355443,-0.2236870903537802
2,-0.9089756289898073,0.9238597513996495
2,-0.5352938814016841,0.13830490358778302
2,0.4823862789709905,0.34948442385849554
2,-0.36658647690612933,0.35065557055065755
2,-0.24922881476962644,1.4369842893669316
2,0.04336496721053873,1.191273864617675
2,-0.9529962904354168,1.6180824583416744
2,-2.6625683061525165,2.3989745196276555
2,-1.7608812553951936,2.0899372998008405
2,-0.38635349863505364,0.5009202236840387
2,-0.4565946717302417,0.9520676583635184
2,-0.5214209769673317,-0.5392357677038166
2,-2.830006121929124,2.5711264014366644
2,-0.580985065901535,1.9746648696941491
2,-0.7460719790076209,0.060581195279882594
2,-0.96288071230641,0.0850387029537023
2,-1.5883448250726298,1.3922481914394371
2,-0.3755630819456792,1.2838955473740545
2,-1.922334972488252,1.8161699841645946
2,-1.8053923962565392,0.7218895718202356
2,-1.2623303366249274,0.9174232224244272
2,-0.671622826477468,1.1559101137423884
2,-0.7176905555611746,0.18380750807746882
2,-1.2031804898505223,1.8258164798637515
2,-1.8675212659792553,2.1995077472901174
2,-1.4669657151022097,0.20799653859380474
2,-1.5451411223748779,2.059114305870769
2,-1.7546979356743282,1.6855722683892058
2,-1.5065337508070322,1.1513916308762724
2,0.27398535809200997,-0.07519779479296851
2,-0.7464687750028622,0.3039834832887047
2,-0.387395177673464,0.8619629738914669
2,0.879887741609632,-0.917412876263408
2,0.6406434638019618,-0.07027752937624898
2,-0.6960795947907221,0.982456823622308
2,-1.2617825160940659,1.299857965125475
2,-0.8747423718944485,1.4957309140030706
2,0.21351441861036125,0.41384571211796795
2,-2.592921183323174,1.901860258435491
2,-1.273480862363061,0.48974667416206286
2,-0.8757189720668259,0.40953847536404286
2,-0.581598538863425,2.0469209916454743
2,-1.5875002527975868,1.061831907237078
2,-1.574213738573817,2.2793356169489276
2,-0.3471847495850203,0.9066466684384303
2,-1.0120054404830356,1.3183929736027258
2,-2.2839774220926703,1.4914357889089795
2,0.5843354706621926,-0.11635784950003747
2,-0.750445666453619,1.2376757733433346
2,-1.169272583535662,0.6160925293564187
2,-0.6113731920721633,0.34432886769697635
2,-1.236938686349648,2.0078505350702933
2,-0.7764415809695564,1.1148676840297638
2,-0.22748514198478176,0.40126607699794914
2,-1.4749921264081574,2.517247158073082
2,-0.46886257183498314,0.5666005675500233
2,-1.5402934523894394,2.1003790484467317
2,-1.2080928911923294,1.1491651670215273
2,-2.696988030007369,2.1019010104390343
2,-1.264634326407755,1.4369152021270188
2,-0.6182136977145098,1.085468683949282
2,0.204367674801333,1.5027400350424216
2,-1.2690340674324743,1.347988910032313
2,-0.13107082317586238,0.3827847246152225
2,-0.428703487564593,-0.14923882677302003
2,-1.2127135935421283,1.032081055708356
2,-1.6822946603155025,1.8169309430385938
2,-0.44458931372018884,0.16509249555669558
2,-1.2331581444614979,0.4472941279061722
2,-1.3144798926788313,1.1291127077495724
2,-0.3284843838997187,0.9871477202950552
3,0.42863742866373666,0.10068543845735678
3,0.44844904372054273,-0.15509042019495456
3,0.9295631427812816,1.3218117829749347
3,1.0524042938103706,3.3865989373009993
3,1.162972018021981,1.0209391879728165
3,1.1260353648219945,1.1220627632081523
3,0.6031541951753894,1.8675459612641852
3,-0.4695093418411913,-1.5766038655736612
3,1.314710220189145,1.8917506378723925
3,1.1467120753787268,1.4180471984516112
3,0.6344188195397039,0.40349620730945424
3,-0.032584603083372965,0.17707920477289352
3,1.0206630327457389,0.9532234980563793
3,0.8009773114952539,-1.188932538588078
3,1.1859661752048403,1.1432689363723627
3,0.9894446659424969,0.3176863598347017
3,0.6301957606701315,0.5570726766819214
3,0.5098558849078557,0.5099609688333568
3,1.1393256856044818,1.8471126002601053
3,1.2454298725619835,1.1051611611221468
3,1.1207524028619265,0.2296138879525681
3,0.7810638810656256,-0.048262249390760514
3,1.0815860654878766,1.2311574482651828
3,1.0680478899336558,1.2855475663532663
3,1.0838536362533167,1.4926745986311563
3,0.6587616724284275,0.7212209799496367
3,0.8123503207200471,1.2631290619046807
3,1.48554264521696,1.712603654740251
3,0.592603668314776,1.0509102959437777
3,-0.051903411357011375,0.8651786543516686
3,0.8265404959107647,-0.03201208473773898
3,1.942903619305224,1.7052157445021026
3,0.1697067777043677,-0.6994610534012131
3,0.4289531559222842,0.7611816414046716
3,1.2414101268409918,0.9391207357521743
3,0.6103067740464856,1.9255840192894267
3,0.9380529885272901,0.24389525665778244
3,0.6499993439052938,-0.5613631821367284
3,1.4285374266868602,0.810201040184834
3,0.7018298039675595,0.3308148761495565
3,0.834561282382339,0.19132008622927144
3,1.0340938115426686,0.14938808350815425
3,1.3734230371489473,1.4868411833780661
3,1.4762181993952601,0.7780696698421282
3,0.10111789957309092,0.7488510975763446
3,0.26213997691451885,-0.47467970484239475
3,0.8426620553424264,0.9866154922631599
3,0.5999569668234106,0.948177984085454
3,1.8067410771438464,1.876519103850868
3,1.045980297061692,2.197105169565625
3,0.6983417136385687,0.6886255833144366
3,1.8065432747199335,2.7444242383985387
3,0.9506283899214842,1.0238036006423823
3,1.9796123531266263,2.8161709851095007
3,1.2847056868544207,2.153520986785794
3,0.3605599829098487,-0.6835829610543362
3,0.37939832770837423,0.5773003703313357
3,1.3753657324304607,2.6554751938954357
3,-1.0182442559363025,-0.4694323286286608
3,0.16767972705447998,-0.1362966135049395
3,0.34577148655331935,-0.6423209954498825
3,0.23512273440956932,1.9201327992090111
3,1.5437816862603193,1.4931767914089011
3,1.548103843260216,1.7315239864094178
3,1.2460940060036303,0.6564144408394905
3,-0.005927463951662437,0.47824554505956063
3,0.45806942186613586,0.3849390105891647
3,0.18241224348269702,0.01600902900801393
3,0.7717483118656787,0.1857300347945815
3,0.7166509465550014,1.1299259368759342
3,0.16507021977977732,0.19912175704174773
3,1.0921341544847658,1.2463431895483215
3,1.2379432912506223,2.0968665502945765
3,1.3756967761372347,-0.7799653502522477
3,1.025582030836953,2.3392315439819273
3,1.643093731598476,2.074020771742248
3,0.46252528841415885,0.0031146304582696516
3,0.8318514608739,1.1533323047353605
3,0.7017871493770333,1.6075085226499404
3,1.1367452030243972,0.45024315290505523
3,1.3633267871959749,0.40584838202831797
3,1.1699870031268633,2.3444012862447274
3,0.940062248675136,0.4033160981358094
3,1.3967811812390625,-0.033749669974319385
3,1.2556524713147903,2.378597944474581
3,1.4738454334251867,2.3611258383379266
3,1.6828542673322437,2.1295405358365276
3,0.9771073986901718,1.1868601182056258
3,1.1414092234436635,1.1008451617886676
3,0.8733975175554294,0.17805805126265195
3,1.329837916179509,3.5167006130278633
3,1.277720231002317,1.5156795497388333
3,1.8980592101809914,2.061907445987851
3,1.3270802614971524,0.8149690755324581
3,0.7494077929086533,1.4695808801159307
3,1.6441159480755,2.3552052386816844
3,0.45118614118327893,-0.4068862446051209
3,1.3845700362103186,1.2299026052619744
3,0.7525379825363845,1.0695605505696273
3,0.6249160943950274,0.9328777137313571
3,1.7966144738065732,1.6203366444440315
3,0.10483342035438759,-0.35954386479438294
3,0.5531186619985899,0.5582749277187475
3,0.4100730832208348,0.3522339373283636
3,0.8256888831129876,1.270542309153263
3,1.7234983069469967,2.270573370463123
3,1.4377441719243194,1.909539265955269
3,1.6699799338280568,1.6340326210313152
3,0.642535722440983,-0.11586855890213976
3,1.288698982872944,2.659678222407284
3,1.3839359979920813,1.341645497582037
3,1.1316580068957534,1.003098336747391
3,0.8938462452797896,0.5065211569057921
3,1.153566481970021,0.6904512902963388
3,0.5101577510032052,-0.7097335489741528
3,1.017516757437744,0.804597948766925
3,1.341209931057222,1.6651002290832464
3,1.075542802465327,1.5062805135018102
3,0.8794344717802193,0.9856703184512821
3,0.4399939442648434,0.0730281472721146
3,2.126153773882287,2.0333460217230015
3,0.9775663512781423,1.5470496902339868
3,0.986559459502004,-0.08668372671883984
3,0.8536435544306837,-0.8606326005904885
3,0.5079729276442455,-1.436651490772694
3,1.0566732222327877,0.11334191131209581
3,1.0376361859464025,0.8727426235627809
3,1.8085159745477881,1.7869915431572343
3,0.8801946875530622,-1.1105132015382853
3,0.7608512117124987,0.6222157732138969
3,0.7872144965289702,1.6911227870383976
3,1.335261020754994,1.768896686184649
3,1.6882281087947797,1.8321291090527365
3,1.1555208483739587,0.3275214125880471
3,0.17639811168325636,0.3507935131878752
3,0.5537540198338192,0.7850598413082508
3,0.24024525722069412,-0.7130458099973171
3,1.2681909706571395,0.8837330369425043
3,0.9395184834730713,0.926884174454464
3,0.7648296325561923,0.061677550924196134
3,0.5110167167902937,-0.6114570254080993
3,1.0388217314676709,1.0033368370379605
3,0.9412012619127954,0.4624176679252586
3,2.06436575803417,1.2802496856633476
3,0.7662741542753008,1.5042230276936945
3,1.0982741241397413,0.36084851230013393
3,1.40796307871631,2.1373312572379604
3,0.8781945327895359,0.3921550129176016
3,0.17770891603092231,-1.052942069884062
3,0.7199666393826551,0.7771273584920765
3,1.346507353879523,-1.1625048697366704
3,1.5928505613634287,1.5536273924931727
3,1.808684879336007,0.70206722084918
3,1.8553679774468395,2.1679248751147613
3,1.5565454150604014,2.8710633794651716
3,-0.41273889516740514,0.1871063841014763
3,0.865990707602505,0.26464359642629964
3,0.5759597154621316,0.1385574351721387
3,1.3887690358928824,1.4643906024492188
3,0.9099613459749365,-0.09419800801425704
3,0.9968110500848018,-0.03059755227259542
3,0.5456117985676565,0.2115082412412227
3,1.600378198269674,0.44262502414984883
3,1.5271955717862513,2.0134070886982207
3,0.9390277866573034,0.8123839724281701
3,0.9838169226086642,1.605273424173773
3,1.0227228208842731,1.2020400489991374
3,1.5095781127891181,2.2039603346610255
3,1.3041639580991782,1.4500250833025474
3,0.8852036588660182,1.2339690537460222
3,0.22911134037984038,-0.5093123630969703
3,1.3349380489097675,1.396192044783624
3,0.4993450555295593,0.7543450730222652
3,1.5270071661943143,1.8920338914544572
3,1.1137782944681656,0.41322024980164374
3,1.0182306108595003,0.7520201550792777
3,1.0763866534788997,0.9366357205265089
3,0.5840596153854196,-0.5942335993698002
3,1.180295962208144,1.4951578578469933
3,1.0023069343962638,-0.08966449479835092
3,0.3117200172753145,-0.8104148005844478
3,1.5466604675133624,0.9666728464858282
3,1.3913907363594697,1.2449567334356808
3,1.4971171848524947,0.5469619055927275
3,1.888738533821428,1.5554116403156664
3,1.2825540631828725,1.3245734746028148
3,1.0927853738439168,-0.06427070084696451
3,1.3027561217321093,2.520909686729295
3,1.4024704949207456,3.0774265596366344
3,1.2582811804260834,0.9617160410359679
3,1.547338899502958,0.40401378272157773
3,1.8210929131416904,2.9610276590984297
3,1.222390745622553,1.0736280010047332
3,0.7976156903333815,1.1920389599148504
3,1.7144533963245876,3.0230257007348604
3,0.928835158961094,0.5448384234586219
3,1.0141632326599577,0.7786995139888608
3,0.641911385402613,1.2917173541556506
3,0.6913194802820931,-0.11350126195414934
3,1.1864828460674275,1.2944314451397492
3,1.4197342418350398,1.713427299841657
3,0.6636485041538944,-1.123269715014375
3,0.08530327573764174,0.28798227888473216
3,0.3526170013462758,0.5729732410949259
3,1.2726206720217224,0.8200024502078318
3,0.3707523109695544,1.0318994251795877
3,1.4431326576148062,2.995652556665733
3,0.6848954068701332,1.7394507985121435
3,1.0700219266215723,0.46954007349366367
3,1.2473297646257273,1.3360432434558112
3,0.9532606361933966,0.4349047237361857
3,1.6530324476918876,1.7506780582707324
3,1.251445487033709,1.603173368651906
3,1.0220641173446579,1.1084307609199566
3,0.6813104947376245,1.1918960348707208
3,1.0132714323525918,1.26565009339954
3,1.144795960947854,0.8677033781285817
3,0.3299593534488554,1.5516964414643215
3,1.3198611971314653,2.419165234000146
3,0.7286122700683271,0.05797961971045262
3,0.900440802330448,0.4304667795051623
3,0.07064938264520149,-0.7415869223030225
3,0.7398997654701444,0.7196779990077484
3,0.7531491026136656,1.1891258783428547
3,1.2214402547728196,-0.00010844782890373494
3,0.5238648668817885,-0.1871018083420497
3,1.2944553123398865,1.2560624251221775
3,1.0229606553423465,1.1906943652898565
3,0.85798424022313,-0.016134560108420626
3,1.5215679960591522,1.2263253032001922
3,1.2257742603470931,0.9457053206525137
3,0.9662981393131559,0.7224818047728541
3,1.8654356056035417,1.3597484255479504
3,1.1945161322802043,1.3914963912168736
3,1.1883039063968899,1.8893509858958937
3,1.6148818072049975,1.9615535969944973
3,0.5240970912744534,-0.6581246079835912
3,0.8839470834750321,1.1517874392718057
3,0.9288488274948852,0.21123960245055928
3,0.3763594891095463,2.2263412028990373
3,0.510813185297954,1.4843927000280048
3,0.8825621831401184,2.2822327876934407
3,1.262139368592948,2.4930844972050155
3,1.7323717578367688,1.395896235495254
3,1.747596669374251,2.959611705332097
3,-0.05327068639876864,0.6410996349751741
3,1.8416419650910014,1.5390840322987152
3,-0.1284466687939667,-1.6508140444649513
3,1.0184452031984768,1.613554886718199
3,1.3784334167992818,2.4342568514596183
3,1.610613386088204,3.0414683996287657
3,0.5547778799880877,-0.06384862995054918
