1,-2.2741054969571777,1.3488068914863507
1,-0.1301072000996748,3.3554194436696516
1,-2.9776316621482612,0.5189850685418134
1,-1.599942269157759,1.483065245905027
1,-0.22873294586629456,2.2478377866407104
1,-2.08439994135921,2.96656522717653
1,-2.2903649363685052,0.9001788754199236
1,-1.2210911594461749,3.3147682019121896
1,-1.9018093571530823,2.7022488442370673
1,-1.7165779365824696,1.283715621172715
1,-1.465027824206604,2.829425997759759
1,-0.9591172316069478,3.9198024982399717
1,-2.6331047102321143,1.7349885207317504
1,0.003663501333366348,3.6312439715507416
1,-1.1161291221580574,2.015210643143329
1,-1.23107755357094,3.8784885907288515
1,-2.88924836649102,0.7017242206590866
1,-2.7292659120502427,-0.45439627650179215
1,-1.9867250419824338,1.3383834097711738
1,0.023877680192343487,3.7291105798019677
1,-1.066398817421765,3.664389298232618
1,-2.01421668914387,1.5056358943091417
1,-1.812644848485655,1.885295053920612
1,-1.5487127547200816,1.6735621114544526
1,-3.1732617172735615,1.2428907070473192
1,-2.1830617533795778,4.33908491333979
1,-3.9006424296145545,0.8096046089338305
1,-0.8660505015598743,3.2877286546996327
1,-2.7528635415316436,1.813408583002469
1,-1.7159311143200289,1.5464982692646427
1,-1.3593199754433063,1.6601971648824465
1,-2.295482229684558,0.1582249424010349
1,-1.5389355988980156,4.235461750494931
1,-3.171912638696539,1.0073929373965524
1,-1.6986906645880664,0.17572230438933967
1,-1.8838353295591408,0.1343497102531579
1,-1.6030229521918953,2.4513569680511385
1,-1.8890644403669734,0.9204461621225466
1,-1.2976775474026052,3.713868414796206
1,-0.5266299027343884,3.2362799881806232
1,-1.8465024213513337,2.106572344642431
1,-2.7742893563300566,1.3093276806310596
1,-2.3039545907366854,0.4756052583505017
1,-1.5294973940134384,2.779618672661191
1,-1.6909985116158088,3.1055613911808586
1,-2.3493169716376032,1.939301374352543
1,-2.0100321332155717,2.290344202680802
1,0.5703786028569184,4.055731003108413
1,-1.8710897981747214,3.6452978229605133
1,-0.07441833850248791,3.741067313671297
1,-2.3324762412929845,2.8791563680038603
1,-3.08567845372744,1.5518040338840966
1,-4.105766016719437,-0.799324101605682
1,-4.7863642175252945,-2.043580995741979
1,-1.3504524586568953,3.7705944606981805
1,-1.53333638767692,2.5408630449319727
1,-0.2724119348747367,4.691953817320954
1,-2.2831610526858626,2.0570023458467928
1,-3.0923901121549573,0.042905821205547534
1,-2.6579769864707483,1.396795442721919
1,-2.1049090471402008,1.835936310369613
1,-4.811010825680996,-0.29608959601489815
1,-2.0587304354027096,1.667826835704985
1,-0.5754757065761442,4.974665780328406
1,-3.2532287219385516,0.626572467276926
1,-1.4408268520997982,3.1584031218654642
1,-1.069872188560122,3.2171618825963515
1,-1.18001917847485,3.1906009863818037
1,-3.7287803109615503,0.9886270652939146
1,-2.0452337063240003,1.8833952782933003
1,-2.2332720200576452,1.1951021835313458
1,-2.3067182906877677,1.5552647960752999
1,0.31133318128081733,4.805588432239308
1,-2.0796026823065334,2.0035034739443716
1,-2.513960690277691,0.32886258586126704
1,-3.2597403900873925,0.25190459054073533
1,-1.2544952743100026,3.783697336905214
1,-1.2750435145672925,3.4131497735061185
1,-4.343066198278937,-0.543541149471761
1,-1.834287258085301,1.4717483346761049
1,-3.499707990445781,1.7375688865630883
1,-0.7465521436152307,2.8235389323484026
1,-1.7180995294351942,4.236662344682303
1,-1.6493248667752243,4.16324217091738
1,-0.9253558067585004,4.331283788059814
1,-2.6356503184084286,2.0586362838070427
1,-3.2768182388335427,0.8174961682036188
1,-0.43644697992507187,3.015152173358185
1,-1.3196427869887182,2.0447773736344637
1,-2.254953838907994,1.6303936291591816
1,-3.096924007832616,2.1192526631014936
1,-3.6215297624121927,0.31295162049463277
1,-2.2972044983658417,1.3582203602446472
1,-1.849692240259244,1.914558023044125
1,-1.8637283387558061,0.7101493667312948
1,-0.5734007722980068,3.0092664647687655
1,-2.1718970354553546,3.39526158069704
1,-2.516105668308592,1.5392130768245138
1,-1.7129093392215453,2.6922393659995763
1,0.5537215072058208,4.270354389794397
1,-0.5064945592166239,3.733352540746135
1,-2.9830506751353614,2.220889454787332
1,-1.2423285450668105,3.081247455710292
1,-1.7714600987089368,1.934636357108039
1,-1.4142889933514848,3.6500708554225465
1,-3.078441105493025,1.3463069062515158
1,-0.5329085895589145,2.853726915368254
1,-2.2282189377211106,1.7048098653532373
1,-2.76207078680664,1.3635076273837519
1,-2.9358220735066753,2.7156116302437785
1,-1.332743529288087,3.4294822344414047
1,-0.9452019550945845,3.450397047610142
1,-1.4444757778064996,2.510724805020287
1,-1.4109893205753008,0.8391834138615644
1,-1.272264834143034,4.47185254730167
1,-1.4937324117247839,3.2575793023806177
1,-3.721906908570241,1.196556961231523
1,-3.554182909014808,2.0592925548997245
1,-2.795641233027112,1.5043225301900125
1,-2.336228265153494,0.48526949129085284
1,-2.7552746708185945,0.05524730150540069
1,-1.4005635135059444,2.1152397000646874
1,-2.5694061572625806,1.736158151093561
1,0.9058583999417071,4.318739786503238
1,-2.8789507030163213,-1.0213498417542803
1,-3.2276396442215027,-0.3154598980114933
1,-1.7912564055281064,1.7538088886284076
1,0.4204666955597274,6.033196297334444
1,-3.0473267723511697,2.516947169826571
1,-1.1965052531835467,2.762631066542179
1,-3.244083739709132,2.21191315219936
1,-3.4266163951049786,1.3579685288021335
1,-0.26402451481907807,5.548178575591635
1,-2.001221799356008,1.8872009904424265
1,-0.6934060940183713,3.1842110019264345
1,-2.3722527074504236,2.1364324251303817
1,-0.8818491934407982,3.0530582254658594
1,-2.640582192578314,1.5598785472879775
1,-1.3216549831576097,3.5715895384150147
1,-2.2575360324085367,1.3442913006051285
1,-1.7615270528870923,3.0072934311268393
1,-1.6397785139898162,2.9056847304563638
1,-2.2809216025932537,0.3249601869607539
1,-3.422034530094678,1.625886713524435
1,-1.6498203952193138,2.2426652582196107
1,-3.9500385086905108,0.9083063853488036
1,-1.5150058793253955,2.511273186242127
1,-1.344462732346822,2.842596215989535
1,-1.6187095152699555,1.2015082545395828
1,0.8802629386934044,4.991399679184335
1,-0.577784568191976,2.956407351340827
1,-0.9220211879935183,4.0003684358821765
1,0.18244408829008263,4.523825414634976
1,-3.1432561355431967,0.6520191932215476
1,-0.45528242537831964,2.6771304335053774
1,-1.7583305555593869,0.90781681005986
1,-2.109594554904946,1.7852666827246686
1,-0.3494952707717802,3.0649692650956135
1,-0.38856820458152663,4.456775026282401
1,-2.6017177657216766,2.342319375641109
1,0.23762706696272007,4.707694420314706
1,-1.3528975500958524,1.4689876255121408
1,-2.878404794200993,1.080277792242683
1,-3.822641699250182,0.6247188773998855
1,0.2284372819789553,4.601328414397546
1,0.6256770581792832,4.343094091937125
1,-2.2861620947232026,3.2214583127032728
1,-4.120077155011831,0.7400369341382231
1,-2.7465715143991805,1.165396621934859
1,-1.743883222785854,3.456104351895416
1,-2.0469260915650893,2.3987815284959866
1,-2.492072645018522,1.4718587196038784
1,-2.397903025757325,0.2024879250752729
1,-1.325789688127127,0.466702239550405
1,-2.8717388898998477,0.8765287386436424
1,-3.0311024050032174,0.7094986931867961
1,-1.50473220283497,2.4428750181938472
1,-0.7488189072743812,3.656459249799246
1,-0.6068694625833357,3.057916708092315
1,-1.6959085798202675,2.7904529338421162
1,-2.4311422559223264,-0.11810418943778433
1,-2.889813678130163,0.23542906728717194
1,-1.4522005144433852,1.638798893568397
1,-0.9958315040866506,3.28341796514341
1,-2.3878316239615907,3.178707453679808
1,-1.376233632011217,1.327791736605878
1,-2.715056463724987,0.8950839447775407
1,-0.6796299425284928,3.925418312274716
1,-2.247018339052178,1.7063416271270884
1,-2.038535598080895,1.6916297225429768
1,-2.3850786984862937,2.782833421844991
1,-1.6948237717474839,1.2338500946212074
1,-2.4104076974067623,0.7610679324334209
1,-2.3864838806919564,1.1773695652166636
1,-2.5190952564918043,1.2465571355205411
1,-2.7519117661795702,2.10682537842252
1,-2.0129614017997133,3.9948138775741038
1,-1.8516887219812008,2.3354102367682454
1,-2.1235536024079376,0.4746251487170765
1,-0.7344290643729319,2.6709381265254786
1,-3.4943727940622793,-0.38815886614935735
1,-0.2950383014674185,4.9488380387214495
1,-2.5454880987385513,1.6733426127342412
1,-0.8645683926450285,4.373895647901451
1,-2.8191263143526273,1.9045704079702803
1,-2.2941491624252124,0.8618833572232028
1,-0.9895901836841756,3.1694768763234498
1,-3.325680141082566,1.8244574632378954
1,-3.719725165755344,-0.19358297337292774
1,-1.9401221884629127,1.6374645143200137
1,-1.3124049483796043,2.8387173692187924
1,-1.3386224532227085,3.189692840227153
1,-0.4122378014054242,2.4864849084315086
1,-1.064925222411699,2.684887212817273
1,-0.9670690141727343,2.3022551313812416
1,-0.7231053612385814,4.1131599065597175
1,-2.7213839311880936,1.4265616855518242
1,-3.929900905192153,0.13091294161436773
1,-1.5322109988057293,2.8693990393883535
1,-2.3328432748040573,1.6769468077793146
1,-1.365850348127343,1.9097725060598774
1,-2.1974404960677045,1.7084700930438586
1,-1.7109337222940777,1.7232669278180186
1,-1.6060134921637235,1.1136086165312864
1,-0.8944020575906584,2.2350373337263227
1,0.833140079801646,6.3069314911602286
1,-3.3331465286052016,2.3711906764913757
1,-2.6295097810790926,1.6451871159261988
1,-2.1701509621682935,2.0150632956807977
1,-2.988656796929522,1.3115815441080003
1,-1.6045569575982186,3.311558424414525
1,-1.470644743643039,3.0265257211698815
1,-1.9574226454712031,2.0465443593168327
1,-4.387624676609651,0.015915520827930685
1,0.3273412435026106,4.273622993266542
1,-0.32971992697417063,3.756198088146911
1,-3.496859536879798,0.2720136388992622
1,-3.104497946097305,0.932460249164967
1,-1.5147212176141738,3.4877667245976482
1,-1.4348609044510687,1.6387117833108187
1,-1.3089775467430538,2.056836407365343
1,-1.4734207998729336,0.9298935666314097
1,-1.5835239113075243,3.3301858746723387
1,-2.459839421544192,1.9325627776003642
1,-2.2082127594814187,0.7467560924578782
1,0.5723146477506393,2.2225949742866016
1,-2.2221898298587632,2.238808346124817
1,-1.8947962872492956,1.4051964267580748
1,-2.4800661765384584,2.978451070041122
1,-1.7347255048270895,3.0530951990427955
1,-4.011912227962773,0.2602327286569748
1,-3.0638323044283764,2.555413636901826
1,-2.6068022553617505,1.4165534879056998
1,-2.0981324928971636,1.4018259556594206
1,-1.7772738539081154,1.9342695516994253
1,-3.2785144420160623,1.6274256233680138
1,-2.324016423366772,1.8610788107803544
1,-0.22114880370027312,4.355470578495265
1,-2.001452126953471,2.0871553660583992
1,-0.03974940466096166,2.098376983875937
1,-0.755747809893681,3.0002876775981377
1,-4.228471603639541,-0.8258128858286726
1,-0.28412181439354023,4.437193386830085
1,-1.5500334367754172,2.97087646597943
1,-3.529430127498005,1.5684359975137467
1,-2.567479492150632,2.621520719750495
1,-2.290718151772465,2.469637691723565
1,-0.5706163547889274,1.9889289647722044
1,-2.6667723326059543,2.2328345720200193
1,-1.5144645958197436,2.447000061882124
1,-2.147462929333658,0.11591031600742441
1,-2.5703874020050215,1.62868477050956
1,-2.1276806817570346,1.220047119802242
1,-2.3239779916581726,0.6390273340541892
1,-2.0769754386169583,2.4232326559889277
1,-1.8102056977412768,0.5391605070807475
1,-0.8012106187567944,2.3981626729501935
1,-0.488508930183172,4.371313037742696
1,-3.2462269881311463,1.2087443564492515
1,-2.8164324613734015,1.4598588003667072
1,-2.1333382917848707,1.070062581351756
1,-2.78365737746475,1.0440026373165168
1,-1.1011415659408668,3.3306402153279486
1,-1.7848976729547545,2.7863509560425346
1,-0.8555713835934431,2.6072885481612604
1,-1.1680421780319925,1.90348076182479
1,-1.0527949401538574,1.4242757404233353
1,-0.778328505966188,4.2199729196946265
1,-0.3052099098938328,2.332149819214606
1,-0.6597107703303016,2.0425290986841125
1,-0.22983507271676418,3.1125296939603895
1,-2.0228468698140816,1.383083804655454
1,-0.5821549469330789,3.3809477889261297
1,-1.7944253757413264,1.503337091186308
1,-1.3060345286854362,-0.022748373120676568
1,-4.009692626748615,0.3613156110667133
1,-0.789905657987592,2.653450659457203
1,-1.6775742141300523,0.6704591152740413
1,-2.1695913874878623,1.7570145878459051
1,-0.8938708498474597,1.4943084892729959
1,-0.6890245121279925,2.925112889818364
1,0.07532578794394817,3.9413493255641203
1,-1.9771812880286013,1.7551098371584342
1,-1.4765078552267883,2.2200057389828114
1,-0.7333871641261223,4.275095371140054
1,-2.313041698830641,1.7912250646566223
1,-2.0258208770463435,3.1813103236540092
1,-1.8221871210568137,2.7088895825502375
1,-2.970128241764706,2.0117238456498776
1,-2.269687387399144,0.412708848072147
1,-1.9762681222746281,2.252080681350643
1,-1.678108045386265,3.2316489333252827
1,-1.9443340473198165,1.8229232758478595
1,-2.878058151910185,0.5354983771491668
1,-2.4695495430311882,0.753507035054509
1,-2.5279706957232175,1.3630457240918683
1,-2.5552980947642094,0.9755384478902369
1,-2.477179132030506,0.6566734024682952
1,-0.8011389483465448,3.2324199659787123
1,-3.4451778341402894,0.7144671737245041
1,-1.608568248851466,3.1298436379266903
1,-1.0841092837355415,4.250360906534423
1,-1.7235474007797973,1.131648342480661
1,-3.276742559723036,2.7458024307418976
1,-2.6411399443333794,3.0652692774281327
1,-1.1281728247612404,3.6490735000493144
1,-1.0419212100718798,3.0997421639865284
1,-0.6300347784865046,4.640969426896456
1,-2.947104647715902,1.2442371020989156
1,-3.631507676041945,0.25208096711249905
1,-1.7908034574454186,1.8180810165891692
1,-0.4176697938435594,3.6106423270948813
1,-2.9876974547159576,1.1497275813001386
1,-2.5424611942403024,2.635318270589013
1,-0.2878815470121352,2.964422802632308
1,-3.532064238545034,-1.106287777020826
1,-1.5262423778246703,2.8261405446221826
1,-2.2252370051239527,2.090039674193979
1,-2.429913913722398,1.8991304154255149
1,-1.4719236099611752,4.311714514547469
1,-2.1435869521281328,2.474828592002506
1,-2.2002050871189742,1.7797393308201745
1,-2.481004836431561,2.123603923079055
1,-0.9387839127361779,2.6098583385789307
1,-2.3129782364248572,0.677935427824867
1,-3.300361116728216,-0.36529882668569735
1,-3.3717827381954013,0.5109462842167491
1,-1.3887185269640572,2.7937106407286088
1,-0.6996732324665724,4.467372095602809
1,-1.6325775754691545,2.5471278548673424
1,-0.8821359506584121,3.483876016560183
1,-1.0935543224429396,1.7721349544771154
1,-1.2355427176757434,3.737677281140912
1,-1.5461638026228104,3.153915877471135
1,-3.2284667324497187,0.0393239172315345
1,-0.5427980779581736,2.321008003525796
1,-2.41878423281452,0.5512345647235191
1,-0.011679871859895385,3.909664884212793
1,-0.13491086963236,4.140354815774352
1,-2.021274079544011,0.42310863067612114
1,-2.679668927345632,-0.29227805695200226
1,-2.0562674540000456,2.7128709269321396
1,-3.661874349007917,0.7674249845724908
1,-2.4376414891282607,1.7716424524348329
1,-0.7916048774834854,3.3460304072461224
1,-2.1919549113336543,1.6463196271129208
1,-0.6318780978251233,4.496342308360656
1,-1.7947499638470803,1.9984237661616968
1,-0.7233681627891606,2.4546118434862128
1,-1.573577576298524,2.3861294835884674
1,-2.176011053757237,1.8308531635974323
1,-1.3523539994957834,0.9538141094376258
1,-1.7449347277747176,0.6380025134616307
1,-2.866812438118255,0.8942696855840866
1,-3.2180587084382912,0.782250998027378
1,-2.271277332836765,0.6345104297289359
1,-3.0902783442884183,2.338893199928151
1,-3.439676674547125,2.381787113058981
1,-3.328428340181687,2.4290585550331345
1,-2.7942265250877756,0.05879110844398738
1,-1.779692454071506,3.1126426136734153
1,-2.1409108662338494,2.962437860881904
1,-3.154425378055834,-0.9172477371502072
1,-3.014754455596856,0.7111262909701688
1,-3.7364501917200403,0.10130740651354375
1,-1.5090811195196288,3.67392274275138
1,-2.472583374651326,0.7525308301063394
1,-2.257887929446601,2.501582901204249
1,-2.989026818326196,1.5751469611120972
1,-0.29147900561112916,4.279931089601112
1,-3.273539964897889,0.22927683863249526
1,-3.1868960834957747,1.6441921360236036
1,-2.20169401372442,2.9437543387413783
1,-2.433370961136898,2.6813224741230846
1,-0.7044298076916855,2.9296684051843123
1,-2.397963861354177,1.8567762808706727
1,-1.7835864576063793,2.7253276723806152
1,-2.2059509168073625,2.0872773406833147
1,-3.471937100158986,0.8892208318111849
1,-2.932309511919042,-0.14073597127420578
1,-0.3804475414644988,3.542275622417194
1,-3.5204079802749035,2.1589451100101575
1,-3.723042631421659,-0.26015727960982016
1,-1.9374331297844543,2.515214219124063
1,-3.0066120479051373,1.1457742558732913
1,-2.9367332953607233,1.3770936772976077
1,-1.8068445309228114,2.11318380830023
1,-2.7247315348491776,3.1412787976166543
1,-1.0193445630348053,2.3776639840576985
1,-2.4254497615662505,-1.0997950985114215
1,-2.2696539773485047,2.4558225901277475
1,-2.5001566925715246,1.3308733074044903
1,-1.082891735101786,3.4662986040833226
1,-3.1769868650829256,-0.32585555735202965
1,-2.3988878292001314,1.306162289517434
1,-2.408003240733931,2.399211795697316
1,-2.6797971704814088,1.3814178734999243
1,-1.8342412974139242,3.420553353104046
1,-3.16882039578575,1.4535158338957086
1,-3.5932580793850923,0.5928207177883469
1,-4.047359749853986,1.2275697599404158
1,-1.8124690555769642,1.3101855582990978
1,-2.8012005315766633,1.1119356388548722
1,-0.761396183658025,1.2740443210895789
1,-0.7611181500281838,3.965845453679383
1,-3.727076178380452,-0.009864380626603442
1,-2.014109769241319,2.272585138185874
1,-2.472882513942602,2.307018015369639
1,-0.4282642244721,3.9170614438724716
1,-1.2862304686176764,3.423990047154451
1,-1.9236969586666697,2.0755591671501734
1,-1.955370678792352,2.061057330224817
1,-0.9866092559325927,3.69100877438569
1,-2.344802516744913,2.554113419877641
1,-5.178902543468253,-0.7798487789520236
1,-0.176915295024072,3.530423844339963
1,-2.704550422124783,0.8451311808409918
1,-1.9763483619903375,2.090329369189835
1,-2.465120514318961,0.6771468492245416
1,-0.653546015743524,0.7175189408125966
1,-2.0671840028952917,1.9767676601063402
1,-2.7871473215990665,2.9410127279652234
1,-2.777037004894727,1.7799271727396095
1,-1.8182695874161612,2.09936666636917
1,-1.2274569634302728,3.4977431176895584
1,-0.9965030616091166,1.5402254991147184
1,-3.103332311885366,1.4499720033092387
1,-2.3405523146471077,1.5180712729025263
1,-2.0682758231002976,2.4900459287057997
1,-1.2048114405633603,3.3917396678069656
1,-1.2184471829922778,3.215450439412158
1,-1.4785631179432137,3.7237509556350936
1,-3.00882514814956,1.5756015570244566
1,-2.1678422788331773,2.144633049932858
1,-3.228005721704916,1.234547087740261
1,-2.210126699474339,1.4914758695245813
1,-0.9639583452364475,2.425223237419683
1,-1.0526690155475753,2.951875898751126
1,-2.0307928787423437,1.322785265513918
1,-3.1546909583692697,0.45195329027678466
1,-0.008982457874999517,4.175910607423237
1,0.8177682773979882,3.644921753924867
1,-0.616840061211702,3.172354110006316
1,-1.3190037056631523,0.8828488622844546
1,-0.7577479482240319,3.9956956236394525
1,-2.6303539073141584,3.700217917245956
1,-1.5684136817690852,2.8445876443762517
1,-2.0487690950857935,2.2969102655077043
1,-1.9603229584033706,3.283382502268485
1,-2.136409962052668,2.0304651633866904
1,-2.7831612789602977,-0.042844467100119576
1,-2.0812654250983504,1.4888623385924085
1,-1.5087711300378166,3.599141052600287
1,-2.3455617813671967,1.6176451127712568
1,-1.2305808409123014,1.2717946074300912
1,-1.8097138076867068,2.3339883592050277
1,-0.43471526109513126,3.9350511127294707
1,-0.6700451225180601,3.010970649058939
1,-1.2060653273169764,3.286797788525167
1,-3.3062443484334434,1.168820355162994
1,-5.090308358437026,-0.09624124354740671
1,-1.3571533986827327,2.1337520847525324
1,-1.8854994338426518,2.908569250616102
1,-2.1226203116411226,1.7766524641457015
1,-2.34453606973469,2.630184770586766
1,-2.4515754933010574,2.0737041507573912
1,-3.67071830362639,-0.45099766793264084
1,-1.5372296280603006,1.292357560789851
1,-0.47189359242036355,3.4039188537821214
1,-1.3916261331374107,3.967862092581772
1,-3.220295653555821,1.5849573460903312
1,0.14828097597259848,2.085656874679937
1,-2.008642125884898,1.6672534882572416
1,-1.9944811910495484,1.6558374083807035
1,-0.8643453637417906,4.730442056248769
1,-0.27428660843484076,2.94879068212721
1,-1.8013067769571594,2.398370642950515
1,-1.5687797669244863,1.0529015418582193
1,-2.66878812712138,0.7959966524524822
1,-1.4418464008285488,1.7282405485323928
2,-1.89141239622091,-2.253564055509798
2,-1.2135086039440388,-2.5763028149322453
2,-1.2001463242460901,-2.2362976399775345
2,-3.355965787311602,-1.2186634573809347
2,-2.205070262059979,-2.923740207398642
2,-3.1760617271895755,-0.5122784807876197
2,-1.6300295806960912,-2.5966084909115126
2,-1.4918146320776007,-1.572100737154059
2,-0.6211592729878574,-3.6323491125608562
2,-1.209579113863391,-2.5230907545616135
2,-1.297414795420714,-1.8227733573311755
2,-1.7303332563660914,-0.3815954732945652
2,-1.3949753349792609,-4.036645122069648
2,-2.386529891925364,-2.6636591014684594
2,-1.59928162637079,-0.8863365048975369
2,-1.8324552748817977,-1.3929091176374022
2,-2.0833999569579382,0.5501993590576184
2,-2.812648955346224,-0.3322589911201759
2,-1.2735590522698776,-1.6249987462114086
2,-0.8984069304318216,-2.219206446020907
2,-0.6103986108405559,-3.1620640705700547
2,-3.2007785645022224,-1.401913072385247
2,-0.8018595627157392,-2.021459013052138
2,-2.0984693664308134,-2.4885309726464833
2,-1.8990328816113209,-0.3393949783132222
2,-3.9059287475991105,1.1056713603692678
2,-0.6357536294825672,-3.103880145508931
2,-1.584400381938058,-4.027429567028674
2,-2.803890697949717,-0.7374828604180912
2,-2.2839253224151297,-1.7527625536695708
2,-3.1809531122454664,-0.6453308680703544
2,-2.246332956526519,-2.1745826975578124
2,-2.0134936184693237,-0.8466654425299667
2,-1.6561592895860529,-2.0754313059105356
2,-1.0276070955311678,-1.8039631386444444
2,-1.3156349710042312,-2.100274540034334
2,-0.3306341052482129,-3.379971360007882
2,-1.7292180688908627,-0.47562168229804747
2,-2.2633104815080585,-1.5829105097088148
2,-1.1754918651166721,-3.942911735008991
2,-1.2436233867775215,-2.025154261059385
2,-2.584236700749655,-1.4803881997230273
2,-2.1036555030945134,-2.937945554543842
2,-2.3092806167663773,-0.3967260758997486
2,-0.33509039400531426,-1.8367668974033395
2,-1.812960920045712,-2.454378023547238
2,-2.4681804573459263,-1.6256296823302319
2,-2.99289756138666,-1.6619395837877966
2,-2.353922459602402,-0.4603622786771837
2,-1.1334296823075032,-2.0865030964571813
2,-1.7059693562195646,-2.972930553843278
2,-0.8787018983490109,-1.5581333107368676
2,-1.1587963290794927,-2.324384667349354
2,-1.53797154306533,-3.5588164443881984
2,-2.4192310169807154,-1.9113832117126301
2,-1.3010655981117871,-3.597527062199842
2,-3.044493172421091,-1.3851938755183513
2,-2.7399090740230885,-0.904321484849365
2,-0.2852300936126939,-2.8015924349290855
2,-1.4259177196752586,-0.4460098853545076
2,-0.829715007889791,-2.993209829742452
2,-1.5428331147401864,-1.8090955890682805
2,-2.9269327731382857,-3.011345798918313
2,-2.344985137998517,-0.04771969677277488
2,-3.2749540222982176,-0.7590764816029283
2,-1.6020947349522174,-2.8243607321636657
2,-1.870452786442955,-3.480288783760379
2,-2.3587773354145343,-1.538872975256129
2,-3.1035516231553526,-2.5057377221615673
2,-2.469297901847576,-1.146203248015354
2,-2.038238037936491,-2.245944047042226
2,-2.6432508887661115,-2.126672678019981
2,-2.2776271943873048,-3.0881013212706163
2,-2.080987361032644,-0.5925152894851375
2,-1.5123428836241612,-2.5075049720061013
2,-2.390142613474527,-2.1560671728954524
2,-1.8283734868237305,-2.0455803352741175
2,-2.162383399820487,-1.6315822007229461
2,-2.411228853575511,-2.233975675800043
2,-0.8155129233687091,-2.2148337112971275
2,-2.4635622185091055,-1.2792478541310137
2,-3.630055211742415,0.45631674237155373
2,-1.0946999514317557,-3.1520917700747733
2,-2.6023396583924123,0.10454863015437432
2,-2.7730481611057516,-0.6939808766245037
2,-2.517370110898268,-2.1902547960633862
2,-0.2893052459980341,-2.8392788998886767
2,-2.134153638819454,-1.6594377952684949
2,-2.4850140310704534,-0.04457730166582996
2,-1.6574825697441549,-2.781219590054137
2,-1.507590604752531,-3.608918063989463
2,-1.0016180590033184,-2.3362539792508707
2,-1.1700679195377592,-0.8791784536149712
2,-3.172040185302363,-1.1177627301754953
2,-1.385248359791627,-2.4763082335669524
2,-2.089323304195407,-1.1476176388906876
2,-2.960133722386862,-0.48849501277004137
2,-3.155126003150242,-2.210154041249076
2,-1.7856496869654581,-2.8889049510255624
2,-2.6461686634023267,-2.7585126658740267
2,-0.8547741772606325,-1.4957853614302576
2,-1.0296868526170546,-3.5236937858714548
2,-0.3848887290347396,-3.4391605461586856
2,0.8667335333489308,-2.1344506380922397
2,-1.8593781079281377,-0.9114443923528004
2,-1.7492318872320778,-2.9618086787529796
2,-1.22614589076988,-3.5179389402665975
2,-2.227099600670694,-1.1742643295909856
2,-1.3917217518097873,-2.9713748894102165
2,-1.5498249330934284,-0.3932158606059881
2,-0.6961219182944058,-2.9324172998164255
2,-1.8641435253496286,-2.942666572150208
2,-0.9635213115193286,-3.4923058005713905
2,-1.7129986059338185,-3.041717518072928
2,-2.379186089647961,0.06364748137918319
2,-1.6902386895450756,-1.1756513729619744
2,-1.9155002055129522,-1.3851462460306712
2,-2.8636065052837107,-1.6273428098908242
2,-1.4161739438077228,-4.704819119340673
2,-3.0010886807406862,-1.2280573085492845
2,-2.114904296230992,-3.314404925074325
2,-2.5635586918966746,-2.618081448383561
2,-1.7768055665499527,-3.1197391389778106
2,-1.7360256598249515,-1.306341562527032
2,-2.40066297829276,-1.8565118603991206
2,-1.1854166429304858,-1.8188681776641658
2,-1.0262115514528953,-3.507706374383935
2,-4.05954086119114,-0.5241540377541631
2,-1.1346067299481803,-2.2933050412443015
2,-2.399042794719902,-1.6481175296579322
2,-1.5971217536198543,-1.4870756048422331
2,-1.166967216840284,-4.157995134708825
2,-3.932023759484337,-0.06283660684066295
2,-2.628669204054239,-2.58861299744499
2,-1.96921110641944,-2.127422014687836
2,-1.1820824425048342,-2.7350629085535605
2,-2.802909186426084,-1.3850893357262692
2,-0.9776064075625335,-2.5456749603591313
2,-0.26997903062274187,-4.679363035107132
2,-0.31154431870443244,-4.3611229621368715
2,-1.1178122517524811,-1.7987630597890198
2,-1.222525309984145,-2.854426863732595
2,-2.643426056731705,-2.49773965961288
2,-1.1077187141629554,-3.053239800238146
2,-1.8807102194327374,-3.096444516993926
2,-2.0936864953628533,-2.101407008672083
2,-1.2282880042471656,-2.891647434135913
2,-2.0319799092129474,-2.051891600036958
2,-2.3009745658087133,-2.065802513999858
2,-1.256040464590213,-2.0136629079303225
2,-2.4420159739060923,-1.5648103043032515
2,-3.223799435597627,0.14955208031607414
2,-0.8641400352628092,-3.463375164461288
2,-2.6485056086930276,-1.8985480129612342
2,-1.682637558465415,-2.2242512120606532
2,-3.437846422490259,0.12277726282925228
2,-2.3988410426295785,-0.1184217989818217
2,-3.7260268501101947,-0.6827283347845023
2,-1.7715117684259005,-1.2650072295687451
2,-2.5978131201772516,-2.534279515889474
2,-0.5287480943981935,-4.9384368637322975
2,-1.6667582438967592,-2.462929323549104
2,-1.909770207760953,-1.2229506911032348
2,-1.5384309386719184,-1.7626849762057073
2,0.15456890264620604,-1.9633405083480988
2,-2.715632051636285,-1.559181713240081
2,-0.9885607438485966,-3.273530337677353
2,-1.601028894052179,-3.03793944303963
2,-3.362344320939229,-1.983363049115218
2,-2.0766562440812124,-1.0674877891646162
2,-2.538481437909327,-4.461151492006415
2,-2.7294599100106787,-1.5910591552106743
2,-2.6995849743320286,0.6793074818441815
2,-3.1233158315759773,-2.055033449567322
2,-1.3235002652814303,-3.8076551228577884
2,-2.2997284399708326,-2.8087127924390134
2,-1.7819637560998582,-2.4434336411819553
2,-2.3722691358700554,-2.7754790611902194
2,-0.682506458202683,-3.7824489575405535
2,-2.704732336883128,-0.3288274907250568
2,-0.7599311370661883,-4.644910054052561
2,-2.0124249607157267,-0.6616335362237451
2,-2.2801515780826125,-1.1791310498736116
2,-1.6984295187808613,-0.901533703887033
2,-0.9428408315029033,-2.727047857397401
2,-2.1517077619303477,-0.8089126897670091
2,-1.1645070209961634,-3.782159665322962
2,-1.1910252783563513,-2.4684128682293185
2,-3.3373590383269462,-1.9369525263904874
2,-2.1140928029273125,-2.617791905110739
2,-0.8468844997783507,-3.0218042818463013
2,-2.8142219297345163,-0.905893055596185
2,-0.9452427685237736,-1.7919204164593627
2,-1.7819599011808638,-0.7738697416067777
2,-2.8999443606018334,-0.02418751243574402
2,-2.379666168994813,-1.9588362809987292
2,-1.2186188256161095,-0.5389082412430293
2,-2.8202319214644183,-2.898736290795789
2,-2.4430724167566042,-1.6324274935837815
2,-2.0476252269523316,-0.3728170770607393
2,-3.0516462151094625,-1.0230220485938177
2,-2.0860207922619005,-1.7762667022368626
2,-1.545338565823433,-1.7629554576470108
2,-0.5306616404048299,-3.8983028062915874
2,-2.6751468473063316,-1.4675069876623374
2,-1.942310497393077,-1.680524941873818
2,-2.176822925071341,-3.5525781182541234
2,-2.166901886691856,-2.614543579638436
2,-1.3001348520954004,-3.8742044535641362
2,-1.5418893808721705,-0.6762124875994222
2,-1.68615229763776,-1.3554278792589431
2,-0.7652576550251007,-1.9523797928729298
2,-2.532370063652568,-1.5790513296857647
2,-1.7595882592566747,-0.7061974823162607
2,-2.3098996475534515,-0.11481403246250421
2,-1.9653466087917304,-2.5089051340211634
2,-2.1324907989304536,-3.124982690739002
2,-3.0028963410304996,0.295366339802408
2,-0.893602930810576,-3.4873823264515393
2,-1.8876857772848696,-1.4504322762758113
2,-3.0658785340936556,-1.667442983268972
2,-0.8449188260957943,-2.3920854783798213
2,-2.4288231199670545,-1.0321419183730471
2,-2.2060805547130986,-2.2948871402705593
2,-1.695548532073914,-2.320923353708432
2,-2.356180278440935,-3.715329339530194
2,-3.85384667984672,-2.5789686168785577
2,-1.2036466312421563,-2.551068542925925
2,-1.2541671437145712,-2.04931935699239
2,-2.14971793952774,-1.9318262376366442
2,-3.3458982153359695,-0.01386416471469154
2,-2.8524953410071316,-0.8008336447311915
2,-2.056111275256588,-1.0619093618790116
2,-1.8634613453763809,-2.11153538569232
2,-1.4825511263222402,-1.72213038388452
2,-1.6159353044935303,-4.593680735704016
2,-1.3592768234795116,-2.644459801968179
2,-2.787192581507336,0.06933739143478235
2,-1.8910778280553493,-2.169078252939129
2,-1.5547503929554964,-1.7827051656601063
2,-0.8236296751491605,-3.8180926550022
2,-0.5985950090054697,-2.7442867325799374
2,-1.8486666371101097,-1.3373179691747892
2,-1.618295649598347,-2.051358558108827
2,-3.535403423941137,-0.62075887261499
2,-1.8228047374871958,-3.7833380743356146
2,-0.3470152481169826,-1.5473797018839972
2,-0.8433977920716398,-2.498429350718822
2,-1.0016193393917137,-4.065713787693628
2,-0.5690062276044932,-4.108352051041606
2,-0.7914741948944253,-1.826936029733671
2,-0.9560241741984783,-3.124947415309694
2,-3.115473936893797,-1.7021132277549773
2,-2.014132456721453,-2.637321281890196
2,-2.0553275960657054,-2.5006468184098933
2,-3.1590473904684777,-1.027550575971211
2,-1.1868832188398781,-3.238645397669462
2,-1.7970195396605986,-1.702749741051211
2,-2.401693419694527,-2.144220621478089
2,-0.6667499247519475,-3.243142321333842
2,-0.934249032252968,-1.9950386101682098
2,-2.8391544050654733,-2.702666789857854
2,-3.4575578059352736,-3.3393342625553766
2,-2.3525203412189573,-0.7731446150109034
2,-1.9255570090640965,-1.6415539252616875
2,-1.4475707135841431,-2.5040620410731007
2,-2.243660240756144,-2.3782752979315185
2,-1.4870511634134473,-1.9148783677622423
2,-1.2878317547845852,-1.648187922211797
2,-1.3669235088403688,-2.7326551075433407
2,-1.8977998308112372,-2.4890680885575853
2,-1.8909130414349016,-2.5130521455960473
2,-1.0271999353353065,-2.638904716967339
2,-1.9875634231379797,-0.08688666398171896
2,-3.1350319899388124,0.467241014699161
2,-2.3411523795254343,-2.7037433675563762
2,-2.456881652504259,-1.3181464677641914
2,-1.778284407919202,-2.3248767936122263
2,-1.886462807344846,-1.532790807110821
2,-2.7257344235297123,-2.322228742289584
2,-0.07732236739307474,-3.147357107641712
2,0.11114478763307378,-3.0845226007906437
2,-3.7393632923367557,-0.7510021930540005
2,-1.177129631189028,-2.6580384651170785
2,-3.39395830767322,-2.1524685629493914
2,-2.0654313386712175,-0.6548566143594157
2,-1.839756183074786,-2.4570315107357756
2,0.08355284985721045,-3.8103619850206956
2,-1.6745481510698315,-2.564230658815127
2,-2.408676290135787,-1.0640240852834872
2,-2.6159064639643366,-2.054982380644013
2,-1.824917856033157,-1.7331105275975525
2,-1.9047845106894687,-2.1790234052563013
2,-3.1363964958384227,-1.557155165111281
2,-2.6206208456652655,-1.7377779641688278
2,0.0758474951957755,-3.0110939544443642
2,-1.31886856527149,-2.464414396270436
2,-2.4349269786932997,-1.7749046180032066
2,-2.438732854547766,-2.4203730650472273
2,-3.274684470206903,-1.326595759960209
2,-1.9411042696145664,-1.2304645012036084
2,-1.8633064120731457,-4.021307941865592
2,-3.3488568756002834,0.31518845534855666
2,-1.4920365283596153,-3.2794360753905765
2,-2.1098540697131223,-2.5799007259223377
2,-1.7890504621161978,-2.8705863252549
2,-4.030097133494784,-1.3696293649664963
2,-2.1580998447757773,-2.1890787484833134
2,-1.4771186656428115,-2.1916443066986457
2,-2.1551104840421704,-0.3408390636053711
2,-3.347328175771997,-2.9702313853666844
2,-1.7396260994188042,-3.1543491328027145
2,-0.7709658272586406,-3.4063089982844845
2,-3.294203739828439,-1.4718237130111869
2,-0.8551310464748973,-3.9080000090502858
2,-0.6594300227397545,-3.1877697299598924
2,-3.352833493829844,-1.3427871610157505
2,-2.3898312875754195,-2.5126714383523394
2,-3.6884007675836163,-1.5953693348654792
2,-0.3586518938116239,-2.44009877782325
2,-2.575078661914321,-0.45582251983026434
2,-3.0389622519097266,-1.017958280234875
2,-1.2801986348723229,-3.9675904470031016
2,-0.9409106114734425,-2.843855308185399
2,-2.6740763363967046,-1.5549889480014811
2,-0.9848743145840773,-3.550780777451856
2,-1.9536710147842378,-2.972785163096403
2,-1.667499385979769,-2.337804288262985
2,-0.0441107310840394,-3.467206069886076
2,-3.0531695726953885,-2.424735898724595
2,-0.6508832953055124,-3.564560537485027
2,-1.184518205717426,-1.8752937738482243
2,-2.5030856955367358,-1.9144538030416847
2,-1.1079428382423073,-3.828162146755098
2,-2.871145629314022,-1.9288844778820637
2,-1.9713802919717638,-1.12924192716031
2,-4.576665756340403,-0.4605754712849661
2,-1.9800330283466478,-1.839635417549962
2,-3.5059752427980344,-1.7702688803948279
2,-1.1740926167781485,-2.5069982159888884
2,-1.5450603452863851,-1.1740997982591526
2,-2.889918839771133,-0.7792665377703647
2,-1.0599102802630123,-4.420498313768613
2,-1.6971545469531497,-1.4119710031695505
2,-2.984228759566437,-2.4657057667061903
2,-2.46540280783701,-1.8036410629216664
2,-2.5628997913643077,-3.756052327475871
2,-1.6527836123718445,-2.072069083566009
2,-2.754147899370624,-1.2597339122232896
2,-1.9493481128954726,-2.325961967698819
2,-2.135241908861003,-1.083934615671323
2,-0.9721143939722916,-2.541343421718989
2,-1.366328808617031,-1.5319331849050422
2,-2.753011386966785,-0.5362329819185168
2,-2.145897092082781,-1.1727464676391852
2,-1.9281020792590113,-2.2858091726891336
2,-1.430224636534918,-2.0558871011141164
2,-2.4895136518612615,-1.8036861355305656
2,-0.4093412297759025,-3.9135679312668956
2,-1.8338363760996559,-3.4898673684137727
2,-2.8231170351749024,-2.667611065970401
2,-2.3382929764560334,-3.205922681437084
2,-1.3428400697037182,-1.640092317909773
2,-0.55446004182288,-1.0920222610998822
2,-1.2101917945318554,-2.290241291848775
2,-2.0898221306896634,-2.7956719791186453
2,-2.8239346137055583,-2.7363418818087677
2,-0.8281221523215949,-3.4285866828352414
2,-3.0071728507936877,0.46787101130734765
2,-1.6660798880554641,-3.116356132227577
2,-3.6337679500926257,-0.8783888459691755
2,-1.5720891292541426,-2.0051086209365567
2,-2.494464699184494,-2.898825815169272
2,-3.317189291905103,-1.2710878289242484
2,-3.2500295572174505,0.8172765636615922
2,-1.6304910458825945,-2.5895849600382115
2,-2.5620902640695222,-0.5716653393239886
2,-1.6180590279349882,-4.158576212020325
2,-2.2857678902428344,-1.801001292889731
2,-1.1345249585034303,-2.6779469274698346
2,-2.396273057258885,-0.704760380147083
2,-1.2284129614691075,-3.391280462149188
2,-2.3453978684093264,-2.3179862219130563
2,-2.9264840694771563,-1.223891732748489
2,-1.6369669430021832,-2.863031852612632
2,-1.9242137014786462,-0.5700536355843484
2,-2.102961652818943,-2.3251427258129285
2,-2.4962456922562,-3.1196982064973877
2,-2.547324163844915,-2.6549525504320126
2,-1.3507458196893336,-0.8458071562261034
2,-0.8337884536069573,-2.311661494262051
2,-1.2198481423292096,-1.9956427083254296
2,-2.291324030503974,-1.5936672083788788
2,-2.4499687645019463,-1.122330346252161
2,-2.8721219156491156,-2.0295061019859326
2,-2.7295066143956195,-0.7527132543697284
2,-0.787041429333005,-2.8995907262982232
2,-4.0650932905998065,-0.0944211836225135
2,-2.0298581681909313,-1.6052408783551446
2,-3.3405657229555312,-2.2669181032362027
2,-2.1903157853570345,-3.1416309098933803
2,-2.567464444585071,-1.3413998574706847
2,-2.618535707530066,0.012208354702392565
2,-2.0596825023734557,-1.4696720516921435
2,-1.9507345640676848,-3.0474612891337878
2,-3.263699248357576,-1.1499560358745633
2,-2.0183291405790404,-1.4799765406978846
2,-2.2153793943516487,-1.1453813310051806
2,-0.7216444669058959,-3.0209953140808645
2,-2.103400329114693,-0.7778874668957225
2,-1.904650581716192,-1.590618111446548
2,-1.0143041280572662,-2.364347127619511
2,-1.017057737951028,-1.9596027235014215
2,-1.0914999979906133,-0.5048271481805178
2,-1.6743337055794973,-2.6726054331571336
2,-1.5824217642841416,-2.5983371549425023
2,-1.9825485969225958,-1.3627642519093044
2,-3.170614494012664,-0.6878257877941456
2,-2.983365001526233,-0.5073795595366883
2,-1.1521206851203702,-3.65867763070621
2,-1.2493555277819761,-2.0158827376696684
2,-2.4554947789152144,-1.892738229239654
2,-3.2361676790982195,0.4595383831878115
2,-2.300317138291234,-1.50893649247733
2,-2.6061485943945044,-2.5062612534348445
2,-2.544427064668944,-1.2907331555108
2,-1.1821286259890704,-2.2375495545314505
2,-1.0869724704326704,-2.402990946917789
2,-2.6622645721647835,-1.1080754682477902
2,-2.9089539523101573,0.06876784142264025
2,-1.8585653025286637,-1.7929362513998544
2,-1.0330194010090974,-1.280154029615006
2,-1.064661268047939,-4.273616726404617
2,-1.737979877216727,-2.008894431785649
2,-1.714654351327464,-3.204384618193573
2,-2.227083418459185,-3.970557492083966
2,-1.4915316915971106,-1.5222853629169633
2,-4.0409176105460345,-1.214655194934151
2,-1.44984060953192,-2.441031483794372
2,-0.6565782889691878,-2.890021329957195
2,-0.98912184816497,-2.8217094607050344
2,-2.2778649439403167,-1.5620464827377103
2,-3.2559779665184596,-2.6873585129887383
2,-3.752688095350374,-0.7030727263483809
2,-1.801516613738803,-2.911008656148515
2,-2.3943211608255863,-1.0308193656938271
2,-2.1643291715471493,-1.5785296734255962
2,-2.7269893465288493,-1.4367792654965625
2,-1.0344077989116067,-3.046994402207911
2,-3.65828048435683,1.614795043318169
2,-1.699008628628105,-2.390019323555921
2,-1.503351449256347,-0.7510912329014596
2,-2.175663388539756,-1.5129793030311338
2,-2.7692401105282634,0.27518749913098484
2,-1.8101533358060486,-1.604830256247709
2,-1.2137663960882326,-4.547970807483508
2,-1.2947627315544314,-1.8985384827202558
2,-2.372671769667692,-2.5761991792609704
2,-0.7724362901320228,-2.195072414835438
2,-1.3942637462204097,-3.2887366293743647
2,-0.7422504739760369,-2.2342328490965278
2,-1.3831101418448164,-2.384938006835303
2,-1.6016816342733764,-0.6033080768207968
2,-0.8097548213188581,-3.169932512113956
2,-1.9216701941603411,-2.1447581338198938
2,-1.1068289026351468,-3.3419735357924267
2,-1.8990633788067228,-2.6092038397974333
2,-1.0388969960401102,-2.397328504282363
2,-0.6500977324525024,-3.1701238056475267
2,-2.505739868594536,-1.7331204553443655
2,0.1907364707653567,-2.7428548114738707
2,-1.498815081482983,-3.3229113211821937
2,-2.821162132094564,-1.2482799653237004
2,-1.1836943485590679,-1.0464734828478541
2,-0.9150008042335847,-3.7966929300664543
2,-1.7022422098355738,-3.019779802402966
2,-0.808879768188528,-2.346404897511426
2,-2.5448709427542138,-3.5499784928935876
2,-0.9282821624589626,-1.8721323597433226
2,-2.327136830441504,-0.9625008964645863
2,-0.7815100703584201,-2.866532937244704
2,-2.8211760421006398,-1.3275031262928547
2,-2.9373091938165716,-2.9254729701925815
2,-1.7421040857549028,-2.430974530626154
2,-2.1220164268699575,-2.1617849292445666
2,-4.116056901030248,1.2782247448393376
2,-3.4311495616561523,0.8494024425314723
2,-1.2896271748828625,-2.565432302521539
2,-0.5774117010110851,-3.7697747262640418
2,-3.0088291608480175,-1.937782580624238
2,-1.7637379607830919,-2.00420228338238
2,-1.49661067099535,-2.4753917183591385
2,-2.8642603082368208,-0.5117897496924857
2,-1.9178918725573362,-3.5716015201983495
2,-1.325462974130461,-1.435632676927844
2,-1.4283084256738963,-1.6098973131826237
2,-2.7007818994116057,-0.4995998501734469
2,-1.6472283051080998,-1.4658917675665397
2,-2.6234395197040565,-0.7401845204718009
2,-3.783947894025761,-0.5227582402205422
3,0.4409638471301047,4.02206577248414
3,2.013062051795349,2.605592647871376
3,2.7742963142988946,1.3155806197189666
3,1.0055810718430929,2.867763199514335
3,2.1350702946179396,1.2690168178161407
3,2.0872032861729957,1.6982250791803766
3,1.558847613303648,2.769744435212454
3,3.606720111314386,0.9191919258981238
3,0.8706025700438782,2.705565315622664
3,1.5840288202499926,1.5468196483083696
3,2.3070010661340232,1.2182506939347295
3,3.2826591728046317,-0.019890707929630658
3,1.1681192417057513,2.849603011988483
3,3.092361534340382,1.4082585958176808
3,1.3764307500047646,2.1571770382957522
3,2.3358650332479964,1.2537414933865836
3,4.129511867366797,-0.21886754574380163
3,2.872575990118088,1.3647394009121214
3,2.311228242441393,1.8572608365099017
3,0.6369362416175683,2.84117002985792
3,3.3685396845344124,0.40867475102185225
3,1.7339597848388393,2.1779292769349032
3,0.9989785731000924,3.218490481100127
3,0.8435615370619753,3.7932976864113748
3,2.872139542507504,0.7884467358088179
3,2.7738060499909056,0.5716716246093156
3,1.518873571518543,2.031331126694427
3,0.6531978444005704,4.209598279342844
3,3.062858884515154,1.3456323247385864
3,1.5471060565902512,2.160174186613359
3,2.1687292716607773,2.231234829155788
3,1.3738198283025012,3.1937475482360465
3,1.5242982209933038,3.201864405252203
3,1.3026391196881653,3.3475175435827724
3,2.497395797750447,0.8464012977428543
3,1.1154495732992515,2.7536002251991025
3,3.6634510071789776,-0.21969891383239082
3,1.2671427646716031,2.9939744229618115
3,1.8155831754442204,1.6605228117280335
3,1.0750050377565508,2.7895965184353626
3,1.842984754351925,1.7496060878286919
3,0.6523746703925761,3.5291667846281953
3,2.9501637653283734,0.33424090533199724
3,0.6469145890634593,3.3441805165574627
3,1.6263005441723437,1.7217159645941285
3,4.037909830329444,-0.01495151028284214
3,0.08786598817465685,4.336659789333358
3,1.2506125996131219,2.5933579718102466
3,2.8008629493524007,0.6677285269788018
3,3.3393906501744284,0.7873334266602676
3,2.4893364082208973,1.8781505325229468
3,2.370249112006129,1.5271892601172927
3,1.789732225518851,2.3065837572120547
3,0.9641398303860651,3.0524650451353956
3,1.6063930950402259,1.921688677743407
3,2.1886517042393105,1.5960818732836728
3,2.6991376896478263,1.425048680016447
3,2.254220271842455,1.8467129998142848
3,1.1086695016598214,4.4570684709790935
3,1.9116188140582577,2.101825798295207
3,1.990202638094444,2.945524238712002
3,3.485552887075524,-0.33964672512213134
3,0.6594559562417643,3.906053836687211
3,4.247465860619474,-0.5940440815178105
3,3.2095078388585025,0.5265096554451305
3,2.038754117617856,1.6974646626973486
3,1.7500429915365692,1.6670466418059946
3,2.2867302689884337,2.2232376517450607
3,0.008412251700555373,4.072801907083427
3,1.0569216599261917,2.400495827998976
3,2.9756602925269044,1.0143475481877968
3,1.3244459275634088,2.0320846016647387
3,0.3668397289692624,3.4632365034113426
3,1.4109963620516033,2.2928416686198583
3,2.445830843577471,2.118689245189664
3,3.4581999166963024,0.36708520516793874
3,2.485052228442836,1.4981427493692137
3,2.7850248318107176,1.332898294695366
3,2.364393019214332,1.040993456915916
3,0.7219961850897214,3.492994025369126
3,1.8587420828869514,2.3460799642229686
3,2.730076730333508,1.5272441105552834
3,1.885017346880902,2.7375753161463896
3,2.2749581129984855,2.002369552440772
3,1.594399069528488,1.408310583825549
3,1.4954090889620475,2.1241141599709628
3,1.5618241505669777,3.1204998388276515
3,0.7496954266983846,3.7768533128075186
3,2.80364167123196,1.2005800160506177
3,1.938822127110312,1.907520283415172
3,2.988825735217624,1.4223847498978304
3,2.469314656120482,1.0945845029082568
3,1.4620592932037535,3.0518259397738503
3,2.285711359869852,0.5967687478518946
3,1.1785985533417824,2.6021311811272367
3,0.6690380287723801,3.7495593448068263
3,1.541195678317263,2.2259054864318397
3,1.8733160746553559,1.8133418839189908
3,1.9097518868295253,2.279560513165124
3,2.3434464994794824,1.6699487399968949
3,2.0067733644353294,1.2422829575354708
3,2.2183525357227722,2.4941569650219573
3,3.3023310851077343,0.592595467310749
3,1.2695842514754143,3.302040014556157
3,2.5691534155738363,1.2678725314298402
3,1.2798314802044555,2.1500559376893027
3,3.5956163851317324,1.452955951133359
3,2.292122206706189,1.7330760188984786
3,3.5880065392699714,0.19815295182576387
3,1.6404003840201908,2.654860172700252
3,0.7723432271049651,3.2501741155079373
3,1.8444636002556523,3.1206221757802948
3,2.7849508013130704,1.1540986305386738
3,1.0468043929163704,1.4969280884175964
3,2.779155293685872,0.9884164172435821
3,2.6645298808783036,1.3394997754068942
3,1.6362466925383103,2.294991489137537
3,2.6208893504030164,0.851409021714344
3,1.634751874726362,1.962348098466233
3,3.300608131586059,1.2075824945727804
3,1.1634983098652327,3.3131907162869374
3,3.940432432961974,0.06247191372407679
3,2.1199259990985637,2.066179994657702
3,1.7299959305830677,2.7141062994890053
3,2.6793961265696433,1.7069308914199335
3,2.452495981223134,1.8702381606028942
3,1.3136459033588024,2.6153829327375555
3,2.793634430628649,1.2011650539420082
3,2.762843180572262,0.39386565955538755
3,0.6005333869156182,3.9332650540930874
3,2.1262799644627344,1.9961914985409295
3,3.3209285745741597,0.6464556133464556
3,0.9123337843877914,2.9937963497795588
3,2.92700546463078,0.6437236883631208
3,1.8701840909404461,1.9286316107192876
3,1.8637597916549784,1.2654277433678356
3,2.7808244172771914,0.567550694707142
3,1.9785975489756553,2.8854306229874207
3,3.325662046542811,0.09720883892187238
3,3.5436177936621744,0.12579044837046593
3,1.0227843079211345,2.6635123685245943
3,1.132600870514871,2.801642391765533
3,1.0168544549088476,2.407061470335118
3,2.236941584095835,1.2536525231757967
3,0.6072120858332315,3.0969409536935646
3,1.987285937309993,1.871265862140604
3,2.145580491604215,1.848116103609317
3,2.532443867373898,1.7777700778055863
3,2.4731543809804553,1.3792522762291082
3,1.8863366414753695,1.7061619450291432
3,1.8343277551496149,2.508922219493817
3,2.072369539109982,1.7442942494922546
3,2.591122472710785,1.7571736809439067
3,3.696716605692189,1.411809228474626
3,1.5590670889965295,3.189527214688904
3,2.652427345447012,0.8213053131212651
3,2.465548258899845,0.8063249440117528
3,3.230960818551348,0.3193782656287396
3,1.6678302482839789,3.117071492350248
3,1.9472011113151395,1.9865225080658135
3,3.7853169490116674,0.576051079651384
3,1.5697650708613096,2.6500924464244737
3,2.4553502443438258,0.2734016652613336
3,2.0712996332054296,2.2279525620594507
3,2.275039772696986,2.3374172129247395
3,1.4564271649380696,3.422460879040739
3,2.0478792645972073,3.7779839118719796
3,2.897781510850528,1.2149055031225275
3,2.9004467327814645,0.7235546167478306
3,2.5728100497217588,2.1952163314191457
3,1.926389124697665,2.0081600231649697
3,2.1494347636369486,1.4124012419107879
3,0.8994467533825883,3.007177051287154
3,1.8201970126568514,2.532921742463434
3,2.5704790116871954,1.0950202860041343
3,2.5969108271480006,1.843333079950853
3,0.7116242278341665,3.7967097797988183
3,2.212628478055168,2.207798828394062
3,1.7032101589150415,2.4843097705151918
3,1.4614622590805184,2.822009550227932
3,2.1910232630294573,1.9667894099909575
3,1.5667007459000277,3.084891866697699
3,2.5366632639539173,0.6445498640861662
3,2.7009456170685495,2.3316205477990763
3,1.2687936340057218,2.6454591519780726
3,1.7227616797535228,1.8294060331013846
3,1.5919028857406745,1.537980266359492
3,0.35404680038610903,3.9167767518846395
3,2.2272175573392796,1.7257097571751459
3,1.7371664170636285,1.9554810458040046
3,1.5375561084586153,2.5052410449137525
3,2.5218952400430084,1.7579728485106871
3,3.1416655284420556,1.3789260736069417
3,1.8216231267099183,2.06946457315474
3,1.6722544429841621,2.391407972968573
3,2.4403012779661744,1.780538403230191
3,2.7045194859851778,1.9247860521286078
3,0.6878749285028536,2.5452531029892675
3,2.540141817029308,1.3733463336417073
3,2.618063786388353,1.9160707140460658
3,2.9093298297727923,0.7818884823952139
3,3.2297537325617274,0.06469661961679729
3,1.883467243873932,2.0350610449102446
3,0.41236388898627263,2.463765013671113
3,2.288157315972682,1.1147033199555625
3,2.7547493862399604,0.8186820933359085
3,2.5929135593308055,2.013165792451719
3,2.3057907752435027,1.62992278695829
3,1.6671248980990587,1.4478042819104278
3,2.8220106694729963,1.474480468770646
3,2.6821080251272376,0.37005989116131954
3,1.0585664394685728,3.4652722815852526
3,1.0587943460079619,2.9896664387789365
3,1.8330611776062942,1.8910261556755539
3,2.9757538883393417,1.6766396779333455
3,1.2708648457800975,2.759801202951858
3,1.7012102282780792,2.6973564254918947
3,2.725596412677265,1.9778895068207358
3,0.9217536267146405,3.968038450734862
3,3.5721813399446143,-0.3931335623873484
3,1.8512754587589595,1.7712542505553415
3,2.227620680504861,2.4797576343784913
3,2.3550642903684147,1.660460957550052
3,2.527026941765788,1.45705801639915
3,2.554442895951232,1.8830233031859236
3,2.6011607652329394,1.27043802015015
3,2.1062488752729887,2.566510612723879
3,2.4216252306446022,2.4038244575794314
3,0.7908130651101892,3.3245829334141153
3,2.2505115916284137,1.8322414557992102
3,1.0862316517303916,3.1726716477414776
3,2.6800810592761835,1.693239971864244
3,1.2143985831475714,3.5042465684531914
3,1.9658949034999325,2.465677133733989
3,1.2139539310204739,2.853080856409352
3,2.0472030131826298,1.4373682661329632
3,2.184824368576511,2.1263515029138493
3,1.2232709229219463,2.367454122038726
3,1.37576976143393,2.403584394605219
3,0.7505554738754732,3.0203737967306346
3,0.14748104504400028,3.2985074917564976
3,1.3800255600213216,3.1308330552721175
3,1.2469278780557767,2.797050108933095
3,0.5728399100389461,2.407920662468036
3,2.8663452201508735,1.0100029441166374
3,3.8289895225383344,-0.09354546684832998
3,2.6745170787444392,1.1462329501216102
3,2.0695964255879105,1.3319357416121627
3,1.398723352646758,3.0327593049094754
3,2.73829652725159,1.2662802101259416
3,1.3967901922190529,3.0462109273934357
3,1.5103225363093484,2.7009122326425925
3,2.566864535088211,1.647064371594295
3,1.2744991729954085,2.3357079423182645
3,3.421536740519179,-0.5347089829770177
3,1.9978798254075654,2.597489886467293
3,1.5270804641777223,1.7865684637319192
3,0.3377445013635345,3.8142705321207107
3,2.4781785825515836,1.3270770915874475
3,1.95381117615195,1.8775285947646645
3,2.4857971857790098,1.3479840905699683
3,3.3627027061364583,1.264977325839651
3,0.41621833786552664,3.3727108473443828
3,2.6630318871080405,1.9573197734641594
3,1.7020268808977344,1.0791429435723692
3,2.506870219195509,1.3481682625912002
3,1.3348499907972986,2.78475497026409
3,3.3552809214324837,1.3306912063937029
3,1.0683993421215892,2.6932555787548242
3,1.7744641679727664,1.600587880666258
3,2.695805641302364,1.1860618796753108
3,1.8741538810288696,1.7486121446661405
3,0.7160375727887192,3.732323982754462
3,0.061131897611381936,3.189126998408393
3,3.3877853824702715,1.1976696709356545
3,2.48128894541918,1.7053961661927248
3,2.9143887827617276,0.7484348431485361
3,3.1496136806651243,0.6436423959870798
3,2.874225716569218,0.9506694303113108
3,2.4771774317115183,1.1313793237687062
3,0.9062585960403671,3.035880609109179
3,1.9940761787609438,1.8921604749587049
3,2.396403718609757,2.032571043475946
3,2.6296340112413947,2.310459481663869
3,1.7533722214658283,2.761098402953899
3,2.798247679143185,1.0337347376621069
3,1.6473553951740336,2.3073006132464204
3,0.6358839089679784,3.4894968965276747
3,1.3046850777417944,2.5766747260596983
3,2.2289305131692667,1.934203519661234
3,2.8171008835633455,1.1860322033319557
3,2.17470604098979,2.7021210484339946
3,1.0060352604689822,2.727380308853638
3,2.4803699513122255,1.0375483957958471
3,1.9768115461579459,1.9669985780676758
3,1.5968069540341636,3.3282003203744277
3,0.23433756652102566,4.028440899283073
3,1.7591105312318314,2.8231588054577674
3,3.416975095505803,-0.44363420054737635
3,3.001784404779544,0.6167650197499455
3,2.244045426940394,2.609509684189464
3,3.9704464341990837,-0.22752001120532084
3,2.164777121353857,2.1728610189155972
3,2.034936389330701,0.8531422346970978
3,2.035070234232552,2.569164266308275
3,1.5081701308365048,2.1895682798441527
3,0.8667709819540965,2.4800285241886924
3,2.3142233409605333,2.0733801988111416
3,1.6994888579385359,1.5052669911365641
3,2.922597559554321,0.6585833273461055
3,2.338307613641149,2.281802092119834
3,2.6735585676843856,0.6832064209530384
3,0.48735679992814984,3.957683439078881
3,1.2395337155575001,2.528668112641419
3,0.593119831773812,3.424921689644197
3,3.213019724785494,1.3817407189780961
3,1.4905269694478003,3.256273487459918
3,1.8023063317152601,3.075212143694085
3,2.9954244485567996,1.3141245943238344
3,2.725854552134215,1.1834908644193405
3,2.715424743266383,1.0563306043351468
3,1.6014268562085152,1.6725740156028888
3,3.4439349017982046,0.7759024222884285
3,2.4609272263637205,1.1873966607407203
3,1.5267839558132668,2.784108838624393
3,0.5990413429689079,3.7132510348416754
3,2.0870053961198356,1.775266985152161
3,3.0683637867570974,1.6661976473315874
3,0.27810204675838035,3.931543732305557
3,1.6078999607457685,2.5920254425062166
3,2.809568872904332,0.08368273219831157
3,1.3912449632438746,1.886219218134817
3,0.974604777706193,3.143963267828558
3,0.34703080456210067,3.6492733374669784
3,2.215955546864309,2.04534935381226
3,3.3775141292019155,0.8156786474850521
3,1.8985734642543222,2.139473862324601
3,3.147799497358238,1.0290490811426312
3,1.7118404430744212,1.5883440168678655
3,2.8969535637030153,1.219543806233287
3,2.2887875498559493,1.8771633951590978
3,1.1958465427277991,2.8721229130296333
3,1.1192322277882152,2.757225280972625
3,1.9925042571351745,1.8038733421622404
3,1.290365964857132,3.000019285336255
3,2.402946331090816,1.5433147954364248
3,1.930408443874917,1.864374932327135
3,2.873895694092095,0.6846215663606889
3,1.6800648023234512,2.52136024353146
3,0.3669000402407401,4.053806729226498
3,1.3977799319265691,2.1496296793283958
3,1.1017519362292656,2.3291936506232496
3,3.198261363441951,0.3962413370390465
3,2.266383265904361,2.0557939621116903
3,2.068567448125895,2.727512418212809
3,1.917963871986331,2.122134690602934
3,1.9996115861234465,1.4513406566418259
3,1.6908040917232294,2.4783462231737703
3,2.3343747892432263,0.9832699547199453
3,1.1877523594165358,2.89204825162894
3,2.48658281509453,2.0343466595573414
3,1.987329260907742,2.0640026090727517
3,3.517163409758991,1.0321853184257483
3,0.7481747169495079,3.474741199522602
3,1.9059738731498985,1.55031995583369
3,1.0926738446724995,3.423764697132682
3,1.4366030779461942,3.116404042292617
3,0.744141451638773,2.7527131331944874
3,1.6977798264117006,2.2406491677867244
3,2.0531319422439314,1.6747298381040672
3,1.431878012726572,2.076035147071353
3,1.9279010374696148,1.812496104245643
3,1.309592629487251,2.6584649101202236
3,2.829318377580093,0.14431014865717162
3,-0.45763433493697203,4.530147894019032
3,0.5488319580874217,2.590189054194317
3,0.9619638745727044,3.2612505166383885
3,1.1655676025117225,2.625184963474512
3,2.3145654829823794,1.4145718160181384
3,3.025524918990973,0.12842969175598085
3,2.144682412317327,2.039682417136423
3,3.6302364600523536,0.3215665175940179
3,1.9857486059846177,2.392563735052324
3,0.00622549141769424,3.297411258953403
3,1.336188567049111,3.2738531454827617
3,1.5210002213652662,3.1768863563832133
3,1.6682974677341953,2.553420103971471
3,1.2219187618576175,3.452339517373959
3,2.216001015407469,2.176523012600809
3,0.92846984910034,3.859111812993016
3,1.4220813990867804,2.8167343196666765
3,2.2156085310932605,1.6354358333843266
3,2.29549007194022,2.2632511109600904
3,1.2072706334756882,2.6010766657768083
3,2.870169811942701,0.8030327623257141
3,2.3341737192597485,0.9346758000797493
3,2.3646896818541583,2.2298195947229327
3,2.5462294266994103,2.432910823687797
3,2.103976507704837,2.328345015356521
3,0.8825220591296381,3.7374946018660093
3,2.9763756138469937,1.217684171539787
3,1.2084394632416169,2.8666416966926125
3,1.982957387826667,2.5745386425944963
3,0.021042229783010624,4.28163474141567
3,1.464418192406025,2.243589487038113
3,-0.22677236143825397,4.031439711407033
3,1.0994469252315024,1.9135362063285555
3,1.4036927286008747,2.70699373126066
3,-0.4415977110236624,4.966683414419905
3,2.636063297917259,1.6632901221462544
3,0.9385389703471863,2.7964094299260123
3,2.2765233191359853,1.1515190252722327
3,1.7028800422836206,2.4549077710983176
3,2.3848988173584353,1.5147495876875938
3,2.397614365511238,0.9083825666889156
3,4.455208373267204,-0.9129022417216008
3,2.813275567323178,0.7416888304722482
3,2.5441099197118167,2.0506549194200234
3,2.2356090424025448,1.7619072719882987
3,1.4574746272420547,2.6292186025287854
3,1.7887565975839754,2.299074874778282
3,3.0040813813493696,0.9053061197532166
3,1.5283385568055552,2.5138320750139744
3,1.9023820897367736,2.5624816476515626
3,3.501838776540433,0.39291162788442224
3,2.398012913988298,1.5646724713944937
3,2.2738738887412007,2.4877985887575336
3,2.219911105642151,0.8663779427229523
3,2.206276057182149,0.8592127940886831
3,1.9277043326069427,2.2242123310202704
3,0.4814190613001983,3.934925757065834
3,2.158770489762074,1.0248772312225023
3,1.520219838163607,2.157740693970634
3,1.2997713083988647,3.0110345682398365
3,2.5550627459308575,1.63402235770376
3,3.3783295642508184,1.5910039744532147
3,2.5251200048534663,1.4498675132265602
3,1.1384207369653623,3.023952558392695
3,1.3019967967224448,3.114419567806499
3,1.0359721264747919,3.276054252294628
3,0.7784679367634011,3.872884348151253
3,2.463511893246092,0.853722849199551
3,2.5935904645871233,1.2330585797717788
3,2.362493793540291,2.4626575776832706
3,1.8210791510837911,1.9597316337187178
3,2.6567801284993893,2.1200323547319533
3,1.5577123351985371,2.952362151790986
3,2.431930918588806,2.6181028372593884
3,0.7834894738039098,2.1485747296402606
3,2.3325089158327614,1.1911976686131105
3,0.9318622043598044,4.21461293949783
3,2.5739362984383964,1.0609837480814284
3,1.28406000556889,3.069062236375248
3,1.5182268737214333,3.4209237311127936
3,1.5377136900572013,2.3359836468741118
3,2.1354290765098063,2.066760282689267
3,3.7150828257372277,0.17712926261342266
3,1.726828473600208,1.2726733449123537
3,1.5887580222587556,1.62586164381691
3,2.4440563860109616,0.7984640962152585
3,0.6583402513582686,3.074040314077923
3,1.7673595056803748,2.5175416456079622
3,2.020030709460824,1.9020487403332027
3,1.249057887489777,3.4686545285534747
3,1.6565902485942252,2.561413845831841
3,2.2008181789126358,1.3375664789353134
3,2.2577478275167704,2.1610601953077575
3,3.2357320408505994,0.44977797285315924
3,1.5851745516512485,2.8579965821653452
3,2.4866588382663055,1.5843390135103452
3,2.22475425614781,3.020290373969927
3,1.8307005152215474,1.4242971113961413
3,1.4943910508402307,3.242081011406945
3,0.8746811837333022,2.5107907524760065
3,2.053670774232976,2.0551349207538046
3,2.6789706870256547,1.4321378590152807
3,2.9033352371682155,0.6912654544867851
3,1.9885959955306838,1.2539815901965647
3,1.8555839941436514,1.3575185107828194
3,0.5229065743078982,3.684750251936225
3,0.6580589719733001,3.1460313354978338
3,1.6529871086514507,2.468741905182857
3,1.6618522376058058,3.017963463651392
3,1.2377787557298603,2.168770718492367
3,2.72837783200878,0.34175936684299524
3,1.830766960431318,2.6955046966753073
3,1.8550926794852767,2.4977953525596583
3,1.9607505623758263,1.7021790559126668
3,1.444525606723766,2.4980514148705053
3,3.555187502653955,0.6827995346251754
3,3.2786605903452593,0.5235001486525648
3,2.173888233717172,0.9011012815268067
3,2.465442952583084,1.8700547574335147
3,2.8852050801776685,0.9318879397910476
3,1.829833649613921,1.5123000286624808
3,2.369469911080902,1.2701567504210467
3,2.3187915941277364,2.280003757373342
3,3.392365455683965,-0.20123997366041024
3,1.9178262881312276,1.0938650815885447
3,0.9769886252385698,3.5520725896257206
4,-1.2579741264583344,-2.5831623649962676
4,2.607519649877503,-4.27148941212605
4,0.9969992110596868,-2.3162575740925844
4,-1.0950959388329413,-6.903640551559941
4,1.1878139579570886,-5.034891164055507
4,0.5781273608139437,0.9309802702438907
4,-0.9056327132270847,0.9660498141407148
4,2.7308513738889504,-1.018893556884303
4,1.2365804547256305,-0.15162881031693054
4,1.8498156408754174,1.8557394105360774
4,-1.9231613997517383,-0.6650551442950019
4,0.8205794044939636,-0.8575021183321698
4,5.6129372415144285,-1.2453364554360171
4,1.2197283516953334,-2.655331824444157
4,0.8093068820716667,-3.763065302571379
4,-0.29108678933394216,-0.27725086894891215
4,1.106658411373753,-3.3355790142147193
4,0.6014110630070035,0.49260326340360594
4,2.325106238481766,-2.0509126082144062
4,2.9480096738687664,-3.033644273478044
4,3.492641263944075,-1.8027474961621666
4,2.774937620911964,0.10775998512032237
4,2.1441501821475297,-1.9508139276826009
4,2.1036441293394152,-1.9628840089266806
4,-2.216337941946702,-2.537072064536631
4,0.3715282815451806,-1.7747950889178097
4,-0.49942379465786013,-3.030856238393234
4,5.099340615195515,-1.709636101533402
4,4.241771053523449,-2.309021918444876
4,1.259148628428115,-1.7836190857036953
4,3.7308999231564868,-4.529350672688051
4,1.2358766679195807,-0.979322593455946
4,3.172663836236154,-2.21317700490384
4,3.9230677550784248,-0.7762506856291125
4,-0.5281976555535732,-1.3256988860978385
4,1.811741308645218,-0.25501842161290145
4,0.5510509829469117,-2.0604572185066434
4,2.5213234078382847,-3.028324343393352
4,5.933848548427775,-1.094034459277256
4,0.47635695291763125,0.9002562586976004
4,3.9795544493522,-0.7325772557330306
4,3.019014554975392,-0.2501804889125798
4,3.802980003923042,-2.1662512458921297
4,2.476973482180185,0.258391308558922
4,1.586004880759318,-1.1364041231247124
4,1.8737996213642236,-4.287665335554711
4,1.1162078610440391,-1.1288649205771828
4,3.583759891591149,-1.9825458952426076
4,0.6831046898091113,-3.0070311673316192
4,-0.530112641651566,-3.9164432370946423
4,3.049317004561956,-3.0716056915061465
4,3.8706369162913434,0.6914049072391881
4,1.983692290119037,0.34223103864036464
4,0.8575147431545711,-0.7846818967447273
4,2.549115965261779,1.4387740777194544
4,4.418527782142052,-1.5422462843869198
4,2.8544489709361587,-1.1807865084781528
4,3.448449157006802,-1.8877799373229478
4,3.604501255481122,-1.8594576343670581
4,3.2416069289122906,-0.6570674886707748
4,4.8389547094693395,-1.4375240574164347
4,0.21839648599632833,-1.600961164739495
4,1.9563373657564969,-0.6549791979238935
4,3.6517931890822286,-1.9970341616703449
4,4.188697058179086,-2.13201902770474
4,3.874938014254285,1.228918369747836
4,3.404706379856156,-1.1294137409984923
4,3.13333947163049,-2.7403645419589604
4,2.0970437422564987,-0.4274832688207786
4,3.1342048474749413,-4.267830772679496
4,-0.2699819331014748,1.4455566940387339
4,-0.1767026517065644,-3.3922579721130055
4,2.1935071843199165,-1.4098394858825813
4,1.1920668758022999,-1.8884713399463788
4,4.664594175023492,-3.694887654745206
4,3.0676048205760234,-5.90873038510899
4,1.5571019899797414,-0.20723119302493065
4,2.0865034579316903,-0.20941972861017732
4,-0.17261814895372218,-1.6817501339737428
4,0.788441074798413,-2.7896791412891453
4,3.170708627555389,-2.105685104145225
4,3.4930962308302402,-3.845333498259949
4,0.9987383074476295,-2.645171954163587
4,2.4342643226430103,0.3168410748377326
4,2.081677547443008,-2.0838466649406238
4,4.379480738928349,-2.1720063122391178
4,-1.497838610466777,-2.7385536663877397
4,2.0493963224489904,-1.0980850072320583
4,1.2558899706317317,-4.740667927895647
4,2.1951684535450866,-3.0328370305538224
4,1.8633657815315445,1.2517163817755677
4,0.7727339633358807,-3.9656494326510368
4,0.18489111958162607,-0.09426407741890674
4,-0.1771289057900991,-3.0637650402108942
4,1.1386276375370927,-1.710348386626644
4,4.365229247705262,-3.8193667336480033
4,1.6530820895379401,-2.313481109550984
4,1.9509205862779984,-2.324056691254299
4,1.1667876291122865,-2.8775126657644385
4,1.9319966768184136,-1.413144366310457
4,3.407533867464333,-4.461151563739537
4,3.481881582836082,-3.9619061516740492
4,3.2766312007053147,-2.036810393801636
4,1.3818130720129862,-5.2242382091302915
4,1.689008757087578,-0.09882516999030933
4,3.4653942389638894,-1.2537138762405564
4,-1.7191317695432105,-4.831762909230912
4,0.6385470298700946,0.07511127496493142
4,1.8682616690868805,0.01983050361667793
4,1.2052557114299314,-3.1093887940581117
4,2.908307686097227,-2.4550789711302756
4,0.7865812265563348,-3.4915338628855537
4,1.8886968672997546,-0.07142580387571362
4,3.1231621461262282,-2.2131754644442396
4,3.500090635236317,-1.5599210261824035
4,3.981888671013082,-3.9450938095237236
4,2.9278686133299305,-2.2273132478911766
4,-1.2514703915389545,-1.4815690778073942
4,-0.015788682179277647,-3.890658680254689
4,3.7069664478720306,1.61426230850055
4,0.004368942710601287,-2.3117576875676855
4,2.538192290988484,-1.2417291476303793
4,1.7863888754317565,-1.9114327204232169
4,1.8550547954127852,-1.6621531429986929
4,0.9425150520745156,-2.3327451305797546
4,3.4694049767749844,-1.48814611931497
4,2.1530064849382557,-2.3157291657265313
4,3.6231069734939503,0.7304788174968282
4,3.327481866332211,-1.9453120325912234
4,2.79608902413392,0.08337779335353046
4,1.3108094637665926,-0.733805739963415
4,2.723243988903076,-2.735286470762909
4,1.0283924355194887,-0.9152762853620671
4,2.3883906400295243,-3.720160338032284
4,1.2339748748694421,-2.3840396926204357
4,2.739452340065142,-2.424102293897932
4,1.6804201421883256,-0.8713222928206634
4,2.5664688473521284,-1.122576751553734
4,-1.6453821419049492,-1.1892332863783666
4,0.5745744854367945,-1.1131743566769234
4,0.6773670573716053,-1.4307766238113955
4,3.537683002481075,-2.542382468070304
4,-0.9309344717664021,-0.7700832339366461
4,1.6424521097727585,-2.0850393318627947
4,3.749993369612474,-0.5662505645916143
4,1.1124634285204396,-5.330754893206906
4,0.2910962869434113,-3.3642343504401335
4,1.4155118980620425,-2.3892663137913366
4,2.5096933873769283,-2.7914336567824964
4,2.244367551230806,-2.1564502584514704
4,1.9672692684491575,-2.261169586592148
4,5.304010404927492,0.24878015757522398
4,0.44637033796170966,-3.4100215057668692
4,0.8778784960298218,-2.518784772545307
4,3.2690905634071132,-1.5275962756524906
4,0.19816069973893602,-1.455588120774066
4,0.7973175769117569,-4.066080764915434
4,2.093316101631618,0.8072828522817046
4,3.9641774581244285,-2.0876857550925507
4,2.648767992053806,1.4697919861439552
4,0.4059998399230187,-2.8136282981787613
4,-1.0009494480116663,-2.156177414378989
4,0.5004761797636166,-2.1937778216744435
4,2.4662324406245304,-1.5760099645437562
4,2.1060473995212576,1.8970793907595205
4,0.22564316328209277,-3.3094855573622834
4,-0.5552045198996911,-2.4186094076648104
4,2.8615993631002747,-2.312199356938028
4,-3.2226587001392684,-1.8491825419377081
4,0.6346313401787322,-0.4007369711598423
4,1.8114599015810424,-4.236325395910596
4,2.841363727020699,-2.4262909442276435
4,1.1301102691669298,-2.8591679023941445
4,1.4523553110193648,-3.1254492651072665
4,3.489833808541145,-3.9029077946050275
4,0.07149931816368693,-1.409897438849863
4,4.745912592716922,-1.6565727835266177
4,6.332540024735129,-4.324754897938646
4,2.984551848840555,-2.1692390531148615
4,0.9236044314909082,-2.3122271506562964
4,0.38924411601223596,-1.0740723767821527
4,-0.1425898308104614,-3.1130633606994325
4,2.753939059794095,0.25909576802108525
4,1.6426603711126806,-3.944082844794799
4,3.5216144984281565,-2.326974140769823
4,3.4682592993562733,0.3296763835236871
4,1.2159112304937376,-0.5275421662847508
4,1.7128962777138215,-4.43096608893177
4,1.1641102804672272,1.152622459047567
4,2.266406185758953,-4.038456519696856
4,1.8620285523881113,-1.819466258274296
4,6.608867240393555,1.4288345043054886
4,0.32250480989684727,-2.0463505056546016
4,3.055684735505247,-2.4001699074039182
4,0.018148087132142,-2.005016885128569
4,4.1906810096951075,-1.6127937833911978
4,-2.093938351982165,-2.900202644517652
4,3.470579551475453,-0.19225901891141128
4,0.024933865447117398,-0.6133412283890753
4,-0.014203264850655373,-0.8750864704257111
4,1.104463541543275,-1.369548922073909
4,1.9872613423451546,-0.3908650693641569
4,1.112218435475619,0.8809295714850696
4,0.11890151462721676,-2.0527112359668465
4,1.6277858269504168,1.0569694225075579
4,0.4503122234862804,-3.4978810843199044
4,2.929575144773873,-2.177202605410935
4,4.747874744065257,-3.649291402201219
4,1.9787700486695592,-1.0018765650213277
4,1.54590510897774,-1.1229016422486158
4,1.3434593730182045,-2.496800915778495
4,2.9738426448574913,-0.3156321865610223
4,1.6896582651005068,-2.1821103347202646
4,2.658731882764985,-1.5819941288519055
4,2.7979876514999713,-1.5532255319283672
4,-1.8859793672513816,-0.3401327777036254
4,2.327390887300485,-3.063999552466809
4,1.8471585102203663,-3.3238164285725142
4,3.320135562208937,-4.860106902176351
4,-0.620614553842787,-0.5435814382240169
4,3.136172555906363,-3.0599222015483685
4,4.38810620671101,-2.5591061423858927
4,0.8358944855679515,-3.990260867349402
4,4.19069726542792,-1.1949403326667454
4,5.837870695059568,-1.7601521324125993
4,4.780515322815922,0.1229844183681208
4,3.388771737191203,-3.7406598235873325
4,1.7803070790401803,-4.939436672953623
4,3.345026470949735,-1.2173285753084233
4,-0.01788731947279354,-2.9548199433449867
4,1.9460193990502972,-3.3049862320789583
4,0.5427358949330854,-2.0371112513902814
4,3.204570285979587,-0.08585202428231087
4,2.235359426076785,0.2990002042667097
4,3.8319131841040264,-3.03588300974205
4,3.41841244721721,-0.06620096127196873
4,2.718139779849372,-3.834553240924418
4,2.7755876565382285,-4.355371804593798
4,1.496909331106559,-4.264586346401082
4,0.12236645512200717,-3.8358170700886784
4,2.8849183624762476,-3.0086576089179426
4,1.0340488299216526,-1.2525275988609499
4,4.50667657348445,-1.6230233606480702
4,0.4012425742021686,-5.375181669670626
4,2.874310118063206,-4.108702390424497
4,0.5646211734173421,-3.3078985508403034
4,0.25232330829872773,-0.6661936318524881
4,3.590420739822675,-3.0045059181968212
4,1.325406612605827,-0.22981916776351086
4,2.304774795931582,-0.9824410054754595
4,-0.0010129680617110282,-0.5193233913500139
4,1.030391683423538,-3.950430082080474
4,1.4794280680100278,-1.2154671748121633
4,0.32376247461873686,-1.9223891123060028
4,0.12208337199476404,-3.4319178211988994
4,0.3176614753775875,-4.134171044299931
4,-1.1939834547927162,-0.640379470935694
4,1.0933151441123847,1.3700389072493535
4,2.1517123314787185,-0.5648288506099666
4,1.2602372644753927,-1.1238390554857753
4,3.0197427608990703,-1.5062871055045688
4,2.0870082429469163,-2.0679564426842907
4,1.732067712746779,-2.2445741619410966
4,1.9219522354060659,-1.8127356329783317
4,2.4316346874668096,-1.6748127520686424
4,1.8342989232290037,-0.3780745135022181
4,4.1199462434752,-0.9150296636787969
4,3.430055345949339,2.3518192422685553
4,2.2444353090433125,-0.08781130744624877
4,2.6666560834234074,-1.7078595731324326
4,3.288801767083946,-2.044486375667933
4,3.6134470607040847,-1.7646828067916442
4,1.0986748881020256,-4.060596137268029
4,3.506419699039392,-1.8429704994765654
4,2.709054270827994,-1.5246543388864298
4,-0.4728863041964688,-0.2424455757032713
4,3.4159181992615917,2.3332940889116287
4,1.884806521817827,-2.6690931371959126
4,2.3952502741776387,-4.348783745349468
4,4.160467348825266,-3.6269566907185986
4,2.655928312918709,-3.2344831207251024
4,4.339312650709418,-1.1834470327169204
4,1.4703439536038634,-4.361489388316389
4,3.4235330445724723,-1.921425465755442
4,2.9712395257671664,-3.703125105278363
4,2.3697978411517124,-1.2201089735784545
4,1.3124550695844341,-2.498716870859018
4,2.632136401268745,-3.6112112259206794
4,1.8954237690787148,-0.19409872354905877
4,2.6421753029701365,-0.5432293244672921
4,4.363200277098079,-0.6174112289754441
4,1.4433598367433456,-2.615361015022801
4,3.8583501868244428,-0.43660725849243054
4,2.8684840069748625,-1.2472605357941275
4,0.01335033906514771,1.0210140102967777
4,-0.4564984637573719,-2.4253772245998273
4,5.408561012409474,-2.4356594826891547
4,2.5408742990534634,1.2335387920609588
4,3.243626991011178,-1.3756677293166741
4,3.4068050780226686,-1.361882862389046
4,1.285641229427175,-0.8851827352718034
4,1.5052645125535795,-2.878951467742237
4,2.584041159194647,-3.612519259798062
4,2.7342455973338398,-0.21768948438788183
4,1.8139370786629299,-1.8640276903418918
4,4.077836771927995,-1.5691240431236881
4,0.5076359253941485,-3.180829588773024
4,2.114924305334589,-2.19608528989094
4,-1.0679995637365125,-0.9926832116027435
4,3.323492652844725,-2.6866250401008474
4,2.757993163454204,0.007026076938633441
4,2.8963561532290925,-2.325702684346886
4,0.22445835098409694,-2.782535114381211
4,1.7067985471641363,-0.7436974909637697
4,4.383981371181688,-1.7072272916963032
4,0.9385826353358697,-0.2654644851678787
4,1.1699430053134174,-2.101209023366849
4,1.4335833548348664,-2.550143021058565
4,2.025701161602659,-0.5730183452658819
4,2.2893945793386847,-2.202822408084932
4,1.1117296636959404,-2.7485259097212373
4,1.4761808194681518,-5.126856171241807
4,3.4708216421781897,-1.926777949686299
4,2.6772142937933117,-1.2134621153693517
4,3.1186167372976152,-1.3003049525073331
4,0.08747353842579231,2.6143922336640975
4,-0.6554251800065498,1.035086408501647
4,1.9912213401733436,-0.6117640826401294
4,3.8168500094736877,-2.584316064409089
4,0.842365255999955,-2.7229053772703553
4,1.447741531738608,-1.6712638161682798
4,-1.7908509743524963,-3.4929394287038766
4,-0.19955997529513914,-2.163576740905185
4,0.17271599318661113,-1.7072867488805819
4,0.07648004092855509,-3.6236063975326247
4,0.22296869159448818,-0.7813617403213702
4,3.260822863000632,-1.1724539644355958
4,4.349505383491047,-2.7949025254682667
4,1.0822402054154963,-2.549355617509413
4,2.4890355226653256,-3.6097577960485223
4,3.1377860944171996,-4.617103042581045
4,2.3979065576688745,-2.807577203861349
4,1.704278516807196,-3.0336106576003505
4,1.4183885596439851,-2.9547944518059155
4,2.3833655459049314,-0.4550884631007581
4,0.7821183905148936,0.0267966874983383
4,2.7553374854350365,-3.1634417085035382
4,4.362623044382586,-0.6008721528184267
4,2.108206774159505,-2.674552224728901
4,0.03785939142019212,-3.8297717813740313
4,-0.7611028355251324,-5.02385934967749
4,1.9327912573484074,-3.736311131582123
4,4.138469235723189,-5.947093685954787
4,2.688725282206284,-2.780460937723327
4,-0.025104924367400194,-1.520080657455212
4,1.2526528418198413,-1.7770769061397091
4,1.1451045205270112,-2.027090377600651
4,4.526395945306067,-1.4801892916041033
4,4.212711013799224,-1.5483183607214384
4,3.107854069671559,0.9675653025324382
4,3.7890115762289893,-2.7776534195291167
4,0.30324618110184565,-3.0354998609725303
4,1.215486595222191,-3.670347352391361
4,0.5799215099817909,-1.1840539924016356
4,3.886065875168791,1.302219808726651
4,0.8473062763350099,-2.9357297350751215
4,2.040750765469734,-3.3878996569217366
4,4.129842287848246,-3.407577399077806
4,4.551557645841722,-2.879968989903544
4,2.0690679021544414,-2.3052768853726304
4,-0.07716950068645012,-0.9617181406053044
4,1.115799917048967,1.0203181236681265
4,0.15834218997154137,-1.965970773628534
4,0.9263634191309131,-4.228282223905568
4,0.06942189601973081,2.518928337709446
4,3.8605404466493005,-1.294454579622923
4,1.4813924097771887,-0.887115326517737
4,2.3592348393762412,1.3708564430403554
4,2.066952615080302,-0.9644571493544314
4,-0.5843309997987451,-3.590792113359928
4,2.6691758047303598,-1.3615664583744667
4,1.7318779804866586,-1.0288545648156355
4,2.7436274658178625,-1.0389751337229312
4,1.8727163814959318,-0.8648165111518307
4,1.9433208931304824,-1.4418091204924286
4,4.203073012468074,-0.41818924983655914
4,1.5237912788963177,-5.019382424902056
4,3.4380039037135255,-1.8489139020524081
4,2.9139938030242862,-2.861032235498482
4,0.9804979089733608,-2.4498424317562137
4,0.6358081240180959,-0.9281591607632103
4,0.5523673548687786,-2.1958328027149974
4,1.8810972060279036,-2.3933538500438267
4,3.9743390003766543,-2.045451606804366
4,1.895212755385812,-2.191201366756031
4,2.2890030622917843,-3.7483848278321776
4,2.402192684942462,-1.021889774098222
4,2.8122730255062183,-1.6690848760268278
4,4.00905551512592,-0.942267276477724
4,3.760654045801484,-3.671393631034391
4,1.886841971552468,-3.3917676022773566
4,1.3476050763075411,1.6328472447183948
4,1.6135856919417082,-3.24798163672234
4,1.406655008391286,-4.692581564425698
4,0.8389674617589578,-2.3075597414115427
4,3.6189851453993778,-2.9255119596337416
4,3.3240045208351847,-2.3224744307015373
4,5.406540796756733,0.01398105126229865
4,3.428023078112859,-1.7024617387806733
4,1.5673274481955548,-1.7017403531100317
4,0.555109930774687,-2.09292647068887
4,-0.0964711586571596,-3.7470609213317805
4,-0.4552451645152429,-0.12260417482759678
4,5.3075786701521785,-6.595773039363186
4,1.8984547833478325,-2.8435972608967384
4,3.5758851454544316,-2.3697351694383815
4,4.988421488099792,0.9674071291440902
4,2.3895310561597807,-3.5852557951433752
4,1.8005803221944934,-1.1090129997222833
4,4.870786005097765,-0.4018428097598927
4,3.170167136872937,0.9317100651967953
4,1.4332553638320658,-0.19155206923474255
4,2.394631828788161,-5.056088462918325
4,4.259437887817419,-3.131308818907915
4,6.091628650929563,-0.2548235440993827
4,0.16814513495297922,-3.6081967028507256
4,3.246581279899872,-4.828160562266941
4,0.7210815434974085,-2.335102416914484
4,0.6958847744627494,-2.8901898476455337
4,0.5303237825157014,-0.6947422422500946
4,4.668154655987173,-3.601366109379673
4,2.048893998636145,-4.818832943892119
4,4.776699796575258,-0.8425493690322146
4,-2.958524815761468,-1.5312025161218954
4,3.5017722570527865,0.14298677152201789
4,2.20988601575508,-4.303741939226464
4,4.563593460943471,-1.6994967548757505
4,1.0191537671770061,-2.1984836305204993
4,0.9584282256448677,-1.1656561586538108
4,0.9371400603486504,-3.6940716083043754
4,0.9281507285571668,-1.1220443093622752
4,2.1870505562304983,-2.6986456352535164
4,3.3766587052083836,-2.6198766137875973
4,0.9433543009390934,-3.830443694015464
4,2.169981518226209,-1.1531414642134648
4,5.014289786799656,-0.38879461402654125
4,-0.8660980923284911,-3.44881301209439
4,1.198457081249361,-0.1224899403576829
4,3.2745093543300627,-1.5816898500327201
4,0.6191246102015762,-0.435175752832873
4,2.6868897080463974,-1.0895950198162105
4,0.23856283779709742,-1.0086907380373769
4,3.2321008984238766,-2.7892393665682973
4,2.3357743480479964,-2.3853916386941387
4,3.2894907037772323,-4.381955058380525
4,3.414485543860697,-4.260992994449669
4,1.2275007837378562,-4.66253529025219
4,1.7665021144672346,-0.21093997366404338
4,0.23668756612634545,-2.5401881892415283
4,2.0963736643361,-4.215183669194581
4,2.427309686371249,-1.6424184707363358
4,2.7499378767626417,-1.9987935466442337
4,2.7268434077378845,-1.376539186616685
4,0.6091158819102915,-1.9447048447772484
4,3.8681842293684676,-0.47606165996131766
4,3.507331728824253,-3.8947686089739175
4,3.473530279089055,-1.7442002866818793
4,2.1324800511569877,-0.2710865088931371
4,-0.2392072857737495,-2.7245689142249145
4,5.091514523492689,-3.497181842340554
4,1.8459644428477573,0.10227515363929118
4,-0.21622922695942615,-0.10503144166653589
4,2.464288821117602,-4.438808800225916
4,2.1939806678844187,-4.014484444522006
4,1.2617625227886324,0.4906427069685497
4,0.5738610122637879,-1.778796460892672
4,2.2423055109411556,-1.666957953431066
4,1.5002184417721431,-2.2749894446214283
4,4.022378888014212,-3.8848799693778924
4,0.9210779843939654,-1.8325009105096273
4,2.84296832586779,-1.4306191699100619
4,-0.6745183055484256,-3.350319372866621
4,1.8837869347648435,-0.1592440511958162
4,-0.43780094131796865,-0.1021528235097795
4,1.0701837179007012,-1.9329177403717177
4,3.3895362956959927,-1.9804740192235715
4,2.677871076152223,-0.24018351605763621
4,2.7359020133008074,-4.0877397829579944
4,0.6091028809036731,1.2409828247207497
4,2.4456248536664877,-0.31115316792837255
4,3.5483393829798375,-3.8670699799403025
4,1.1386977887053882,-3.1301314516353926
4,0.8900950104560337,-3.949843457809456
4,4.081735404369507,-1.504455352169951
4,1.064162310856564,-0.060300713306317144
4,2.3599286612561,0.7033609220978922
4,1.9022021017199036,-0.2714872043820755
4,1.7164901332892069,-4.644586511917322
4,2.976384315290117,-2.1045541021981182
4,1.7281979199687993,-3.7379630040991927
